  0  3   360  1800   10.00 gravity disturbance, height anomaly, gravity gradient, vertical deflection
    -100.000      0.00787      0.00961      0.00880     -0.01333
     -99.814      0.00821      0.00986      0.00926     -0.01269
     -99.629      0.00853      0.01009      0.00970     -0.01201
     -99.443      0.00883      0.01031      0.01011     -0.01131
     -99.258      0.00911      0.01051      0.01050     -0.01056
     -99.072      0.00938      0.01070      0.01087     -0.00980
     -98.887      0.00962      0.01088      0.01120     -0.00900
     -98.701      0.00984      0.01104      0.01151     -0.00818
     -98.516      0.01004      0.01119      0.01179     -0.00733
     -98.330      0.01022      0.01132      0.01204     -0.00647
     -98.145      0.01037      0.01143      0.01226     -0.00558
     -97.959      0.01050      0.01153      0.01245     -0.00468
     -97.774      0.01061      0.01160      0.01260     -0.00376
     -97.588      0.01069      0.01167      0.01272     -0.00284
     -97.403      0.01074      0.01171      0.01281     -0.00190
     -97.217      0.01077      0.01174      0.01286     -0.00095
     -97.032      0.01078      0.01175      0.01288     -0.00001
     -96.846      0.01076      0.01174      0.01287      0.00095
     -96.660      0.01071      0.01171      0.01282      0.00190
     -96.475      0.01064      0.01167      0.01274      0.00284
     -96.289      0.01054      0.01160      0.01262      0.00379
     -96.104      0.01042      0.01152      0.01247      0.00472
     -95.918      0.01027      0.01143      0.01228      0.00564
     -95.733      0.01009      0.01131      0.01206      0.00655
     -95.547      0.00990      0.01118      0.01181      0.00745
     -95.362      0.00967      0.01103      0.01152      0.00832
     -95.176      0.00943      0.01087      0.01120      0.00918
     -94.991      0.00916      0.01069      0.01085      0.01001
     -94.805      0.00886      0.01049      0.01047      0.01081
     -94.620      0.00855      0.01028      0.01005      0.01159
     -94.434      0.00822      0.01006      0.00961      0.01234
     -94.249      0.00786      0.00982      0.00914      0.01306
     -94.063      0.00749      0.00957      0.00865      0.01374
     -93.878      0.00709      0.00931      0.00813      0.01439
     -93.692      0.00668      0.00903      0.00758      0.01500
     -93.506      0.00626      0.00874      0.00701      0.01557
     -93.321      0.00581      0.00845      0.00642      0.01609
     -93.135      0.00536      0.00814      0.00581      0.01658
     -92.950      0.00489      0.00783      0.00518      0.01701
     -92.764      0.00441      0.00750      0.00453      0.01741
     -92.579      0.00391      0.00717      0.00387      0.01775
     -92.393      0.00341      0.00684      0.00319      0.01805
     -92.208      0.00290      0.00650      0.00251      0.01830
     -92.022      0.00239      0.00615      0.00181      0.01849
     -91.837      0.00187      0.00580      0.00110      0.01864
     -91.651      0.00134      0.00545      0.00039      0.01873
     -91.466      0.00082      0.00510     -0.00032      0.01877
     -91.280      0.00029      0.00475     -0.00104      0.01876
     -91.095     -0.00023      0.00440     -0.00176      0.01869
     -90.909     -0.00076      0.00405     -0.00248      0.01857
     -90.724     -0.00128      0.00370     -0.00319      0.01840
     -90.538     -0.00179      0.00336     -0.00390      0.01818
     -90.353     -0.00230      0.00302     -0.00460      0.01790
     -90.167     -0.00280      0.00269     -0.00529      0.01757
     -89.981     -0.00329      0.00236     -0.00597      0.01720
     -89.796     -0.00377      0.00204     -0.00663      0.01677
     -89.610     -0.00424      0.00173     -0.00728      0.01629
     -89.425     -0.00470      0.00143     -0.00792      0.01576
     -89.239     -0.00514      0.00114     -0.00853      0.01518
     -89.054     -0.00556      0.00086     -0.00913      0.01456
     -88.868     -0.00596      0.00060     -0.00970      0.01390
     -88.683     -0.00635      0.00034     -0.01024      0.01319
     -88.497     -0.00672      0.00010     -0.01076      0.01244
     -88.312     -0.00706     -0.00012     -0.01126      0.01166
     -88.126     -0.00738     -0.00034     -0.01172      0.01083
     -87.941     -0.00768     -0.00053     -0.01215      0.00997
     -87.755     -0.00796     -0.00071     -0.01255      0.00908
     -87.570     -0.00821     -0.00087     -0.01292      0.00816
     -87.384     -0.00843     -0.00102     -0.01325      0.00721
     -87.199     -0.00863     -0.00114     -0.01355      0.00624
     -87.013     -0.00880     -0.00125     -0.01381      0.00524
     -86.827     -0.00894     -0.00134     -0.01404      0.00422
     -86.642     -0.00905     -0.00141     -0.01422      0.00319
     -86.456     -0.00913     -0.00146     -0.01437      0.00214
     -86.271     -0.00919     -0.00149     -0.01447      0.00108
     -86.085     -0.00921     -0.00150     -0.01454      0.00001
     -85.900     -0.00920     -0.00149     -0.01456     -0.00106
     -85.714     -0.00917     -0.00146     -0.01454     -0.00214
     -85.529     -0.00910     -0.00141     -0.01449     -0.00322
     -85.343     -0.00900     -0.00134     -0.01439     -0.00429
     -85.158     -0.00887     -0.00125     -0.01424     -0.00536
     -84.972     -0.00871     -0.00114     -0.01406     -0.00641
     -84.787     -0.00852     -0.00101     -0.01383     -0.00746
     -84.601     -0.00830     -0.00086     -0.01357     -0.00849
     -84.416     -0.00805     -0.00069     -0.01326     -0.00950
     -84.230     -0.00777     -0.00050     -0.01292     -0.01048
     -84.045     -0.00746     -0.00030     -0.01253     -0.01145
     -83.859     -0.00712     -0.00007     -0.01211     -0.01238
     -83.673     -0.00676      0.00017     -0.01165     -0.01329
     -83.488     -0.00637      0.00043     -0.01115     -0.01416
     -83.302     -0.00596      0.00070     -0.01062     -0.01499
     -83.117     -0.00552      0.00099     -0.01005     -0.01579
     -82.931     -0.00506      0.00129     -0.00945     -0.01655
     -82.746     -0.00457      0.00161     -0.00882     -0.01726
     -82.560     -0.00407      0.00194     -0.00815     -0.01792
     -82.375     -0.00354      0.00228     -0.00746     -0.01854
     -82.189     -0.00300      0.00263     -0.00675     -0.01911
     -82.004     -0.00244      0.00300     -0.00600     -0.01962
     -81.818     -0.00186      0.00337     -0.00524     -0.02008
     -81.633     -0.00127      0.00375     -0.00445     -0.02048
     -81.447     -0.00067      0.00414     -0.00365     -0.02083
     -81.262     -0.00006      0.00453     -0.00283     -0.02112
     -81.076      0.00057      0.00493     -0.00199     -0.02134
     -80.891      0.00120      0.00533     -0.00114     -0.02151
     -80.705      0.00184      0.00574     -0.00028     -0.02161
     -80.519      0.00248      0.00614      0.00059     -0.02165
     -80.334      0.00312      0.00655      0.00146     -0.02162
     -80.148      0.00377      0.00695      0.00234     -0.02153
     -79.963      0.00441      0.00735      0.00322     -0.02138
     -79.777      0.00506      0.00775      0.00410     -0.02116
     -79.592      0.00569      0.00815      0.00497     -0.02087
     -79.406      0.00632      0.00853      0.00584     -0.02052
     -79.221      0.00695      0.00892      0.00670     -0.02010
     -79.035      0.00756      0.00929      0.00755     -0.01963
     -78.850      0.00816      0.00965      0.00838     -0.01908
     -78.664      0.00875      0.01000      0.00920     -0.01848
     -78.479      0.00933      0.01034      0.01000     -0.01781
     -78.293      0.00988      0.01067      0.01078     -0.01709
     -78.108      0.01042      0.01099      0.01154     -0.01631
     -77.922      0.01094      0.01128      0.01227     -0.01546
     -77.737      0.01144      0.01156      0.01298     -0.01457
     -77.551      0.01191      0.01183      0.01366     -0.01362
     -77.365      0.01236      0.01208      0.01430     -0.01262
     -77.180      0.01278      0.01230      0.01491     -0.01157
     -76.994      0.01318      0.01251      0.01549     -0.01048
     -76.809      0.01354      0.01269      0.01603     -0.00934
     -76.623      0.01388      0.01286      0.01653     -0.00816
     -76.438      0.01418      0.01300      0.01699     -0.00694
     -76.252      0.01446      0.01312      0.01741     -0.00569
     -76.067      0.01470      0.01321      0.01779     -0.00440
     -75.881      0.01490      0.01328      0.01812     -0.00308
     -75.696      0.01507      0.01333      0.01840     -0.00174
     -75.510      0.01521      0.01335      0.01864     -0.00038
     -75.325      0.01531      0.01334      0.01883      0.00100
     -75.139      0.01537      0.01331      0.01897      0.00240
     -74.954      0.01539      0.01325      0.01906      0.00381
     -74.768      0.01538      0.01317      0.01910      0.00523
     -74.583      0.01533      0.01306      0.01909      0.00666
     -74.397      0.01524      0.01292      0.01903      0.00808
     -74.212      0.01511      0.01275      0.01892      0.00950
     -74.026      0.01494      0.01256      0.01875      0.01092
     -73.840      0.01473      0.01234      0.01853      0.01232
     -73.655      0.01449      0.01210      0.01827      0.01371
     -73.469      0.01421      0.01183      0.01795      0.01509
     -73.284      0.01389      0.01153      0.01758      0.01644
     -73.098      0.01354      0.01121      0.01716      0.01776
     -72.913      0.01315      0.01087      0.01669      0.01906
     -72.727      0.01272      0.01050      0.01618      0.02032
     -72.542      0.01226      0.01011      0.01561      0.02154
     -72.356      0.01177      0.00969      0.01500      0.02273
     -72.171      0.01124      0.00925      0.01435      0.02387
     -71.985      0.01068      0.00880      0.01365      0.02497
     -71.800      0.01010      0.00832      0.01291      0.02601
     -71.614      0.00948      0.00782      0.01213      0.02701
     -71.429      0.00884      0.00731      0.01131      0.02794
     -71.243      0.00817      0.00677      0.01046      0.02882
     -71.058      0.00748      0.00622      0.00957      0.02964
     -70.872      0.00677      0.00566      0.00865      0.03039
     -70.686      0.00603      0.00509      0.00770      0.03107
     -70.501      0.00528      0.00450      0.00673      0.03169
     -70.315      0.00451      0.00390      0.00572      0.03223
     -70.130      0.00372      0.00329      0.00470      0.03270
     -69.944      0.00293      0.00267      0.00366      0.03309
     -69.759      0.00212      0.00205      0.00259      0.03341
     -69.573      0.00130      0.00142      0.00152      0.03365
     -69.388      0.00048      0.00079      0.00043      0.03382
     -69.202     -0.00035      0.00015     -0.00067      0.03390
     -69.017     -0.00118     -0.00048     -0.00177      0.03390
     -68.831     -0.00201     -0.00112     -0.00287      0.03382
     -68.646     -0.00284     -0.00175     -0.00398      0.03366
     -68.460     -0.00367     -0.00238     -0.00508      0.03342
     -68.275     -0.00449     -0.00301     -0.00617      0.03309
     -68.089     -0.00529     -0.00362     -0.00726      0.03268
     -67.904     -0.00609     -0.00423     -0.00833      0.03220
     -67.718     -0.00688     -0.00483     -0.00939      0.03163
     -67.532     -0.00764     -0.00542     -0.01043      0.03099
     -67.347     -0.00839     -0.00599     -0.01145      0.03026
     -67.161     -0.00912     -0.00655     -0.01244      0.02947
     -66.976     -0.00983     -0.00710     -0.01341      0.02859
     -66.790     -0.01052     -0.00762     -0.01434      0.02765
     -66.605     -0.01117     -0.00813     -0.01525      0.02663
     -66.419     -0.01180     -0.00862     -0.01612      0.02555
     -66.234     -0.01240     -0.00909     -0.01694      0.02440
     -66.048     -0.01297     -0.00954     -0.01773      0.02318
     -65.863     -0.01350     -0.00996     -0.01848      0.02191
     -65.677     -0.01400     -0.01036     -0.01918      0.02058
     -65.492     -0.01446     -0.01073     -0.01983      0.01920
     -65.306     -0.01489     -0.01108     -0.02043      0.01777
     -65.121     -0.01527     -0.01140     -0.02098      0.01629
     -64.935     -0.01561     -0.01169     -0.02147      0.01477
     -64.750     -0.01591     -0.01195     -0.02191      0.01321
     -64.564     -0.01616     -0.01218     -0.02229      0.01161
     -64.378     -0.01637     -0.01239     -0.02261      0.00999
     -64.193     -0.01654     -0.01256     -0.02287      0.00833
     -64.007     -0.01665     -0.01270     -0.02307      0.00666
     -63.822     -0.01672     -0.01281     -0.02321      0.00497
     -63.636     -0.01674     -0.01288     -0.02328      0.00327
     -63.451     -0.01672     -0.01293     -0.02328      0.00156
     -63.265     -0.01664     -0.01294     -0.02323     -0.00016
     -63.080     -0.01652     -0.01292     -0.02310     -0.00187
     -62.894     -0.01635     -0.01287     -0.02291     -0.00357
     -62.709     -0.01613     -0.01279     -0.02265     -0.00527
     -62.523     -0.01586     -0.01268     -0.02233     -0.00694
     -62.338     -0.01555     -0.01253     -0.02194     -0.00860
     -62.152     -0.01518     -0.01235     -0.02149     -0.01023
     -61.967     -0.01477     -0.01215     -0.02097     -0.01183
     -61.781     -0.01431     -0.01191     -0.02039     -0.01339
     -61.596     -0.01381     -0.01164     -0.01974     -0.01492
     -61.410     -0.01327     -0.01135     -0.01904     -0.01640
     -61.224     -0.01268     -0.01103     -0.01827     -0.01782
     -61.039     -0.01205     -0.01068     -0.01745     -0.01920
     -60.853     -0.01138     -0.01031     -0.01657     -0.02051
     -60.668     -0.01067     -0.00991     -0.01563     -0.02176
     -60.482     -0.00992     -0.00949     -0.01464     -0.02295
     -60.297     -0.00914     -0.00905     -0.01360     -0.02406
     -60.111     -0.00832     -0.00859     -0.01251     -0.02510
     -59.926     -0.00748     -0.00811     -0.01138     -0.02606
     -59.740     -0.00660     -0.00762     -0.01020     -0.02694
     -59.555     -0.00570     -0.00710     -0.00898     -0.02773
     -59.369     -0.00477     -0.00658     -0.00772     -0.02844
     -59.184     -0.00382     -0.00604     -0.00643     -0.02905
     -58.998     -0.00285     -0.00549     -0.00511     -0.02957
     -58.813     -0.00187     -0.00493     -0.00376     -0.02999
     -58.627     -0.00087     -0.00436     -0.00239     -0.03031
     -58.442      0.00015     -0.00379     -0.00100     -0.03053
     -58.256      0.00117     -0.00322      0.00042     -0.03065
     -58.071      0.00220     -0.00264      0.00184     -0.03067
     -57.885      0.00323     -0.00207      0.00328     -0.03058
     -57.699      0.00427     -0.00150      0.00472     -0.03038
     -57.514      0.00530     -0.00093      0.00616     -0.03007
     -57.328      0.00632     -0.00037      0.00760     -0.02966
     -57.143      0.00734      0.00018      0.00904     -0.02914
     -56.957      0.00835      0.00072      0.01047     -0.02852
     -56.772      0.00934      0.00125      0.01188     -0.02779
     -56.586      0.01032      0.00176      0.01328     -0.02695
     -56.401      0.01127      0.00226      0.01465     -0.02601
     -56.215      0.01220      0.00274      0.01600     -0.02496
     -56.030      0.01311      0.00320      0.01732     -0.02381
     -55.844      0.01399      0.00363      0.01860     -0.02256
     -55.659      0.01483      0.00404      0.01985     -0.02122
     -55.473      0.01565      0.00443      0.02106     -0.01978
     -55.288      0.01642      0.00478      0.02222     -0.01824
     -55.102      0.01716      0.00511      0.02333     -0.01662
     -54.917      0.01785      0.00541      0.02440     -0.01491
     -54.731      0.01850      0.00567      0.02540     -0.01313
     -54.545      0.01911      0.00590      0.02635     -0.01126
     -54.360      0.01966      0.00609      0.02724     -0.00932
     -54.174      0.02016      0.00625      0.02806     -0.00730
     -53.989      0.02061      0.00637      0.02881     -0.00523
     -53.803      0.02101      0.00644      0.02949     -0.00309
     -53.618      0.02134      0.00648      0.03010     -0.00090
     -53.432      0.02162      0.00648      0.03064      0.00134
     -53.247      0.02184      0.00643      0.03109      0.00363
     -53.061      0.02200      0.00634      0.03147      0.00595
     -52.876      0.02209      0.00621      0.03176      0.00831
     -52.690      0.02212      0.00603      0.03197      0.01069
     -52.505      0.02209      0.00581      0.03210      0.01310
     -52.319      0.02199      0.00554      0.03214      0.01552
     -52.134      0.02183      0.00522      0.03209      0.01795
     -51.948      0.02159      0.00486      0.03195      0.02038
     -51.763      0.02130      0.00446      0.03173      0.02281
     -51.577      0.02093      0.00401      0.03141      0.02522
     -51.391      0.02050      0.00351      0.03101      0.02762
     -51.206      0.02001      0.00297      0.03052      0.02999
     -51.020      0.01944      0.00239      0.02994      0.03234
     -50.835      0.01882      0.00176      0.02927      0.03464
     -50.649      0.01813      0.00109      0.02851      0.03690
     -50.464      0.01737      0.00038      0.02767      0.03912
     -50.278      0.01656     -0.00038      0.02674      0.04127
     -50.093      0.01568     -0.00117      0.02573      0.04336
     -49.907      0.01475     -0.00200      0.02463      0.04538
     -49.722      0.01376     -0.00287      0.02346      0.04733
     -49.536      0.01271     -0.00378      0.02221      0.04920
     -49.351      0.01161     -0.00472      0.02088      0.05097
     -49.165      0.01046     -0.00569      0.01948      0.05266
     -48.980      0.00926     -0.00669      0.01802      0.05424
     -48.794      0.00802     -0.00772      0.01648      0.05572
     -48.609      0.00673     -0.00878      0.01489      0.05710
     -48.423      0.00541     -0.00986      0.01323      0.05836
     -48.237      0.00404     -0.01097      0.01152      0.05949
     -48.052      0.00265     -0.01209      0.00976      0.06051
     -47.866      0.00122     -0.01324      0.00795      0.06140
     -47.681     -0.00024     -0.01440      0.00610      0.06216
     -47.495     -0.00172     -0.01557      0.00421      0.06278
     -47.310     -0.00322     -0.01675      0.00229      0.06327
     -47.124     -0.00473     -0.01794      0.00033      0.06361
     -46.939     -0.00626     -0.01914     -0.00164      0.06382
     -46.753     -0.00780     -0.02033     -0.00364      0.06388
     -46.568     -0.00934     -0.02153     -0.00565      0.06379
     -46.382     -0.01088     -0.02272     -0.00766      0.06355
     -46.197     -0.01242     -0.02391     -0.00968      0.06317
     -46.011     -0.01395     -0.02509     -0.01170      0.06263
     -45.826     -0.01547     -0.02626     -0.01371      0.06194
     -45.640     -0.01697     -0.02742     -0.01571      0.06111
     -45.455     -0.01846     -0.02855     -0.01769      0.06012
     -45.269     -0.01992     -0.02967     -0.01964      0.05899
     -45.083     -0.02135     -0.03076     -0.02156      0.05771
     -44.898     -0.02275     -0.03183     -0.02345      0.05629
     -44.712     -0.02411     -0.03287     -0.02529      0.05472
     -44.527     -0.02544     -0.03388     -0.02709      0.05301
     -44.341     -0.02672     -0.03486     -0.02884      0.05116
     -44.156     -0.02795     -0.03580     -0.03053      0.04918
     -43.970     -0.02913     -0.03671     -0.03215      0.04708
     -43.785     -0.03025     -0.03757     -0.03371      0.04484
     -43.599     -0.03131     -0.03839     -0.03519      0.04248
     -43.414     -0.03231     -0.03916     -0.03660      0.04001
     -43.228     -0.03325     -0.03989     -0.03792      0.03743
     -43.043     -0.03412     -0.04056     -0.03916      0.03474
     -42.857     -0.03491     -0.04119     -0.04030      0.03195
     -42.672     -0.03563     -0.04176     -0.04135      0.02907
     -42.486     -0.03627     -0.04228     -0.04229      0.02611
     -42.301     -0.03682     -0.04274     -0.04313      0.02307
     -42.115     -0.03730     -0.04314     -0.04386      0.01995
     -41.929     -0.03769     -0.04349     -0.04448      0.01677
     -41.744     -0.03799     -0.04377     -0.04499      0.01354
     -41.558     -0.03820     -0.04400     -0.04538      0.01026
     -41.373     -0.03833     -0.04416     -0.04564      0.00694
     -41.187     -0.03836     -0.04426     -0.04579      0.00359
     -41.002     -0.03829     -0.04429     -0.04580      0.00022
     -40.816     -0.03814     -0.04426     -0.04570     -0.00316
     -40.631     -0.03788     -0.04417     -0.04546     -0.00655
     -40.445     -0.03754     -0.04402     -0.04509     -0.00992
     -40.260     -0.03709     -0.04380     -0.04459     -0.01329
     -40.074     -0.03656     -0.04352     -0.04397     -0.01662
     -39.889     -0.03592     -0.04318     -0.04321     -0.01992
     -39.703     -0.03520     -0.04277     -0.04232     -0.02318
     -39.518     -0.03438     -0.04231     -0.04129     -0.02638
     -39.332     -0.03346     -0.04178     -0.04014     -0.02951
     -39.147     -0.03246     -0.04120     -0.03886     -0.03257
     -38.961     -0.03137     -0.04056     -0.03746     -0.03555
     -38.776     -0.03019     -0.03987     -0.03592     -0.03844
     -38.590     -0.02892     -0.03912     -0.03427     -0.04122
     -38.404     -0.02758     -0.03832     -0.03249     -0.04388
     -38.219     -0.02615     -0.03748     -0.03060     -0.04643
     -38.033     -0.02465     -0.03658     -0.02859     -0.04885
     -37.848     -0.02307     -0.03565     -0.02648     -0.05112
     -37.662     -0.02142     -0.03467     -0.02425     -0.05325
     -37.477     -0.01971     -0.03365     -0.02193     -0.05522
     -37.291     -0.01794     -0.03260     -0.01951     -0.05703
     -37.106     -0.01611     -0.03151     -0.01699     -0.05866
     -36.920     -0.01422     -0.03040     -0.01439     -0.06012
     -36.735     -0.01229     -0.02926     -0.01170     -0.06139
     -36.549     -0.01031     -0.02810     -0.00894     -0.06246
     -36.364     -0.00830     -0.02692     -0.00612     -0.06334
     -36.178     -0.00625     -0.02572     -0.00322     -0.06401
     -35.993     -0.00417     -0.02452     -0.00028     -0.06447
     -35.807     -0.00208     -0.02331      0.00272     -0.06472
     -35.622      0.00004     -0.02209      0.00576     -0.06474
     -35.436      0.00216     -0.02088      0.00883     -0.06454
     -35.250      0.00429     -0.01967      0.01193     -0.06411
     -35.065      0.00641     -0.01848      0.01505     -0.06345
     -34.879      0.00853     -0.01729      0.01818     -0.06256
     -34.694      0.01063     -0.01613      0.02131     -0.06144
     -34.508      0.01272     -0.01499      0.02444     -0.06007
     -34.323      0.01477     -0.01388      0.02755     -0.05848
     -34.137      0.01679     -0.01280      0.03064     -0.05664
     -33.952      0.01876     -0.01176      0.03370     -0.05457
     -33.766      0.02069     -0.01075      0.03672     -0.05227
     -33.581      0.02257     -0.00980      0.03969     -0.04973
     -33.395      0.02438     -0.00889      0.04260     -0.04696
     -33.210      0.02613     -0.00804      0.04544     -0.04397
     -33.024      0.02780     -0.00724      0.04821     -0.04075
     -32.839      0.02939     -0.00651      0.05090     -0.03732
     -32.653      0.03089     -0.00584      0.05349     -0.03367
     -32.468      0.03230     -0.00525      0.05598     -0.02981
     -32.282      0.03361     -0.00473      0.05836     -0.02575
     -32.096      0.03481     -0.00428      0.06062     -0.02150
     -31.911      0.03590     -0.00392      0.06276     -0.01706
     -31.725      0.03687     -0.00364      0.06476     -0.01244
     -31.540      0.03772     -0.00346      0.06661     -0.00765
     -31.354      0.03844     -0.00336      0.06832     -0.00271
     -31.169      0.03903     -0.00336      0.06987      0.00239
     -30.983      0.03947     -0.00345      0.07125      0.00762
     -30.798      0.03978     -0.00364      0.07246      0.01299
     -30.612      0.03993     -0.00394      0.07349      0.01847
     -30.427      0.03993     -0.00434      0.07434      0.02405
     -30.241      0.03978     -0.00484      0.07499      0.02972
     -30.056      0.03947     -0.00545      0.07545      0.03547
     -29.870      0.03899     -0.00617      0.07570      0.04128
     -29.685      0.03835     -0.00700      0.07575      0.04715
     -29.499      0.03754     -0.00794      0.07558      0.05304
     -29.314      0.03656     -0.00899      0.07520      0.05896
     -29.128      0.03540     -0.01015      0.07459      0.06488
     -28.942      0.03408     -0.01142      0.07377      0.07078
     -28.757      0.03258     -0.01280      0.07271      0.07666
     -28.571      0.03090     -0.01430      0.07143      0.08249
     -28.386      0.02904     -0.01590      0.06992      0.08826
     -28.200      0.02702     -0.01761      0.06818      0.09396
     -28.015      0.02481     -0.01942      0.06620      0.09955
     -27.829      0.02243     -0.02134      0.06400      0.10503
     -27.644      0.01988     -0.02336      0.06155      0.11039
     -27.458      0.01716     -0.02548      0.05888      0.11559
     -27.273      0.01427     -0.02770      0.05598      0.12063
     -27.087      0.01122     -0.03000      0.05285      0.12548
     -26.902      0.00800     -0.03240      0.04949      0.13014
     -26.716      0.00462     -0.03488      0.04591      0.13457
     -26.531      0.00109     -0.03745      0.04211      0.13878
     -26.345     -0.00259     -0.04009      0.03810      0.14272
     -26.160     -0.00641     -0.04280      0.03387      0.14640
     -25.974     -0.01037     -0.04558      0.02944      0.14979
     -25.788     -0.01447     -0.04841      0.02481      0.15288
     -25.603     -0.01869     -0.05131      0.01999      0.15565
     -25.417     -0.02304     -0.05425      0.01498      0.15808
     -25.232     -0.02749     -0.05723      0.00979      0.16016
     -25.046     -0.03205     -0.06025      0.00443      0.16187
     -24.861     -0.03671     -0.06330     -0.00109      0.16321
     -24.675     -0.04146     -0.06637     -0.00676      0.16414
     -24.490     -0.04628     -0.06946     -0.01258      0.16467
     -24.304     -0.05118     -0.07255     -0.01853      0.16478
     -24.119     -0.05614     -0.07563     -0.02461      0.16445
     -23.933     -0.06114     -0.07871     -0.03079      0.16367
     -23.748     -0.06619     -0.08177     -0.03708      0.16244
     -23.562     -0.07127     -0.08480     -0.04346      0.16074
     -23.377     -0.07637     -0.08780     -0.04991      0.15856
     -23.191     -0.08147     -0.09075     -0.05642      0.15589
     -23.006     -0.08657     -0.09364     -0.06299      0.15273
     -22.820     -0.09166     -0.09647     -0.06960      0.14906
     -22.635     -0.09672     -0.09923     -0.07622      0.14488
     -22.449     -0.10174     -0.10190     -0.08286      0.14019
     -22.263     -0.10670     -0.10448     -0.08949      0.13497
     -22.078     -0.11161     -0.10696     -0.09610      0.12923
     -21.892     -0.11643     -0.10933     -0.10268      0.12297
     -21.707     -0.12117     -0.11157     -0.10921      0.11617
     -21.521     -0.12580     -0.11368     -0.11568      0.10884
     -21.336     -0.13032     -0.11565     -0.12206      0.10098
     -21.150     -0.13471     -0.11746     -0.12835      0.09259
     -20.965     -0.13895     -0.11912     -0.13452      0.08367
     -20.779     -0.14304     -0.12060     -0.14057      0.07423
     -20.594     -0.14697     -0.12190     -0.14648      0.06426
     -20.408     -0.15071     -0.12301     -0.15223      0.05378
     -20.223     -0.15426     -0.12391     -0.15780      0.04279
     -20.037     -0.15760     -0.12461     -0.16319      0.03129
     -19.852     -0.16072     -0.12508     -0.16837      0.01930
     -19.666     -0.16361     -0.12533     -0.17333      0.00682
     -19.481     -0.16625     -0.12534     -0.17805     -0.00614
     -19.295     -0.16864     -0.12510     -0.18252     -0.01956
     -19.109     -0.17076     -0.12460     -0.18672     -0.03344
     -18.924     -0.17260     -0.12384     -0.19065     -0.04775
     -18.738     -0.17415     -0.12281     -0.19428     -0.06249
     -18.553     -0.17539     -0.12149     -0.19760     -0.07765
     -18.367     -0.17632     -0.11989     -0.20059     -0.09319
     -18.182     -0.17692     -0.11800     -0.20325     -0.10911
     -17.996     -0.17719     -0.11580     -0.20556     -0.12539
     -17.811     -0.17712     -0.11329     -0.20751     -0.14202
     -17.625     -0.17669     -0.11047     -0.20908     -0.15896
     -17.440     -0.17590     -0.10733     -0.21026     -0.17620
     -17.254     -0.17474     -0.10386     -0.21105     -0.19372
     -17.069     -0.17319     -0.10006     -0.21143     -0.21149
     -16.883     -0.17127     -0.09592     -0.21140     -0.22950
     -16.698     -0.16894     -0.09145     -0.21093     -0.24771
     -16.512     -0.16622     -0.08663     -0.21003     -0.26611
     -16.327     -0.16310     -0.08147     -0.20868     -0.28467
     -16.141     -0.15956     -0.07595     -0.20689     -0.30336
     -15.955     -0.15561     -0.07009     -0.20463     -0.32215
     -15.770     -0.15123     -0.06387     -0.20191     -0.34103
     -15.584     -0.14644     -0.05730     -0.19871     -0.35995
     -15.399     -0.14122     -0.05037     -0.19504     -0.37890
     -15.213     -0.13557     -0.04309     -0.19089     -0.39785
     -15.028     -0.12949     -0.03545     -0.18626     -0.41676
     -14.842     -0.12298     -0.02746     -0.18114     -0.43560
     -14.657     -0.11604     -0.01911     -0.17553     -0.45436
     -14.471     -0.10868     -0.01041     -0.16944     -0.47299
     -14.286     -0.10088     -0.00137     -0.16286     -0.49147
     -14.100     -0.09266      0.00802     -0.15579     -0.50977
     -13.915     -0.08401      0.01775     -0.14823     -0.52786
     -13.729     -0.07495      0.02781     -0.14019     -0.54570
     -13.544     -0.06547      0.03821     -0.13167     -0.56328
     -13.358     -0.05558      0.04894     -0.12267     -0.58055
     -13.173     -0.04528      0.05999     -0.11320     -0.59749
     -12.987     -0.03458      0.07135     -0.10327     -0.61407
     -12.801     -0.02350      0.08302     -0.09288     -0.63026
     -12.616     -0.01202      0.09498     -0.08203     -0.64603
     -12.430     -0.00017      0.10724     -0.07074     -0.66135
     -12.245      0.01204      0.11979     -0.05901     -0.67620
     -12.059      0.02462      0.13260     -0.04686     -0.69054
     -11.874      0.03754      0.14568     -0.03430     -0.70435
     -11.688      0.05080      0.15902     -0.02133     -0.71760
     -11.503      0.06438      0.17259     -0.00798     -0.73027
     -11.317      0.07827      0.18640      0.00576     -0.74233
     -11.132      0.09247      0.20043      0.01986     -0.75375
     -10.946      0.10695      0.21467      0.03431     -0.76451
     -10.761      0.12170      0.22910      0.04910     -0.77460
     -10.575      0.13670      0.24372      0.06420     -0.78398
     -10.390      0.15195      0.25850      0.07961     -0.79263
     -10.204      0.16743      0.27344      0.09530     -0.80053
     -10.019      0.18311      0.28852      0.11126     -0.80767
      -9.833      0.19899      0.30373      0.12746     -0.81403
      -9.647      0.21504      0.31905      0.14390     -0.81958
      -9.462      0.23126      0.33447      0.16055     -0.82432
      -9.276      0.24761      0.34996      0.17740     -0.82822
      -9.091      0.26408      0.36553      0.19441     -0.83127
      -8.905      0.28066      0.38114      0.21157     -0.83346
      -8.720      0.29732      0.39678      0.22886     -0.83478
      -8.534      0.31405      0.41244      0.24626     -0.83522
      -8.349      0.33082      0.42810      0.26375     -0.83477
      -8.163      0.34761      0.44375      0.28130     -0.83341
      -7.978      0.36441      0.45935      0.29889     -0.83115
      -7.792      0.38120      0.47491      0.31649     -0.82798
      -7.607      0.39795      0.49040      0.33410     -0.82389
      -7.421      0.41465      0.50581      0.35167     -0.81888
      -7.236      0.43126      0.52111      0.36919     -0.81295
      -7.050      0.44779      0.53629      0.38664     -0.80611
      -6.865      0.46419      0.55134      0.40400     -0.79834
      -6.679      0.48045      0.56623      0.42123     -0.78967
      -6.494      0.49656      0.58095      0.43831     -0.78008
      -6.308      0.51249      0.59549      0.45523     -0.76958
      -6.122      0.52822      0.60981      0.47196     -0.75819
      -5.937      0.54372      0.62392      0.48848     -0.74591
      -5.751      0.55899      0.63778      0.50476     -0.73276
      -5.566      0.57400      0.65140      0.52078     -0.71873
      -5.380      0.58873      0.66474      0.53652     -0.70385
      -5.195      0.60316      0.67779      0.55195     -0.68813
      -5.009      0.61728      0.69054      0.56707     -0.67158
      -4.824      0.63106      0.70297      0.58183     -0.65423
      -4.638      0.64448      0.71507      0.59623     -0.63608
      -4.453      0.65754      0.72683      0.61024     -0.61717
      -4.267      0.67020      0.73822      0.62385     -0.59750
      -4.082      0.68246      0.74923      0.63703     -0.57710
      -3.896      0.69429      0.75986      0.64976     -0.55600
      -3.711      0.70569      0.77008      0.66203     -0.53421
      -3.525      0.71664      0.77989      0.67383     -0.51176
      -3.340      0.72711      0.78927      0.68512     -0.48869
      -3.154      0.73711      0.79822      0.69590     -0.46500
      -2.968      0.74660      0.80671      0.70615     -0.44074
      -2.783      0.75559      0.81474      0.71585     -0.41594
      -2.597      0.76406      0.82231      0.72500     -0.39061
      -2.412      0.77200      0.82939      0.73357     -0.36480
      -2.226      0.77939      0.83599      0.74157     -0.33853
      -2.041      0.78623      0.84208      0.74896     -0.31183
      -1.855      0.79250      0.84768      0.75575     -0.28475
      -1.670      0.79821      0.85276      0.76192     -0.25730
      -1.484      0.80333      0.85733      0.76747     -0.22954
      -1.299      0.80787      0.86137      0.77239     -0.20148
      -1.113      0.81182      0.86488      0.77666     -0.17317
      -0.928      0.81516      0.86786      0.78029     -0.14465
      -0.742      0.81791      0.87031      0.78326     -0.11594
      -0.557      0.82005      0.87221      0.78558     -0.08708
      -0.371      0.82158      0.87357      0.78724     -0.05812
      -0.186      0.82250      0.87439      0.78823     -0.02908
       0.000      0.82281      0.87466      0.78857      0.00000
       0.186      0.82250      0.87439      0.78823     -0.02908
       0.371      0.82158      0.87357      0.78724     -0.05812
       0.557      0.82005      0.87221      0.78558     -0.08708
       0.742      0.81791      0.87031      0.78326     -0.11594
       0.928      0.81516      0.86786      0.78029     -0.14465
       1.113      0.81182      0.86488      0.77666     -0.17317
       1.299      0.80787      0.86137      0.77239     -0.20148
       1.484      0.80333      0.85733      0.76747     -0.22954
       1.670      0.79821      0.85276      0.76192     -0.25730
       1.855      0.79250      0.84768      0.75575     -0.28475
       2.041      0.78623      0.84208      0.74896     -0.31183
       2.226      0.77939      0.83599      0.74157     -0.33853
       2.412      0.77200      0.82939      0.73357     -0.36480
       2.597      0.76406      0.82231      0.72500     -0.39061
       2.783      0.75559      0.81474      0.71585     -0.41594
       2.968      0.74660      0.80671      0.70615     -0.44074
       3.154      0.73711      0.79822      0.69590     -0.46500
       3.340      0.72711      0.78927      0.68512     -0.48869
       3.525      0.71664      0.77989      0.67383     -0.51176
       3.711      0.70569      0.77008      0.66203     -0.53421
       3.896      0.69429      0.75986      0.64976     -0.55600
       4.082      0.68246      0.74923      0.63703     -0.57710
       4.267      0.67020      0.73822      0.62385     -0.59750
       4.453      0.65754      0.72683      0.61024     -0.61717
       4.638      0.64448      0.71507      0.59623     -0.63608
       4.824      0.63106      0.70297      0.58183     -0.65423
       5.009      0.61728      0.69054      0.56707     -0.67158
       5.195      0.60316      0.67779      0.55195     -0.68813
       5.380      0.58873      0.66474      0.53652     -0.70385
       5.566      0.57400      0.65140      0.52078     -0.71873
       5.751      0.55899      0.63778      0.50476     -0.73276
       5.937      0.54372      0.62392      0.48848     -0.74591
       6.122      0.52822      0.60981      0.47196     -0.75819
       6.308      0.51249      0.59549      0.45523     -0.76958
       6.494      0.49656      0.58095      0.43831     -0.78008
       6.679      0.48045      0.56623      0.42123     -0.78967
       6.865      0.46419      0.55134      0.40400     -0.79834
       7.050      0.44779      0.53629      0.38664     -0.80611
       7.236      0.43126      0.52111      0.36919     -0.81295
       7.421      0.41465      0.50581      0.35167     -0.81888
       7.607      0.39795      0.49040      0.33410     -0.82389
       7.792      0.38120      0.47491      0.31649     -0.82798
       7.978      0.36441      0.45935      0.29889     -0.83115
       8.163      0.34761      0.44375      0.28130     -0.83341
       8.349      0.33082      0.42810      0.26375     -0.83477
       8.534      0.31405      0.41244      0.24626     -0.83522
       8.720      0.29732      0.39678      0.22886     -0.83478
       8.905      0.28066      0.38114      0.21157     -0.83346
       9.091      0.26408      0.36553      0.19441     -0.83127
       9.276      0.24761      0.34996      0.17740     -0.82822
       9.462      0.23126      0.33447      0.16055     -0.82432
       9.647      0.21504      0.31905      0.14390     -0.81958
       9.833      0.19899      0.30373      0.12746     -0.81403
      10.019      0.18311      0.28852      0.11126     -0.80767
      10.204      0.16743      0.27344      0.09530     -0.80053
      10.390      0.15195      0.25850      0.07961     -0.79263
      10.575      0.13670      0.24372      0.06420     -0.78398
      10.761      0.12170      0.22910      0.04910     -0.77460
      10.946      0.10695      0.21467      0.03431     -0.76451
      11.132      0.09247      0.20043      0.01986     -0.75375
      11.317      0.07827      0.18640      0.00576     -0.74233
      11.503      0.06438      0.17259     -0.00798     -0.73027
      11.688      0.05080      0.15902     -0.02133     -0.71760
      11.874      0.03754      0.14568     -0.03430     -0.70435
      12.059      0.02462      0.13260     -0.04686     -0.69054
      12.245      0.01204      0.11979     -0.05901     -0.67620
      12.430     -0.00017      0.10724     -0.07074     -0.66135
      12.616     -0.01202      0.09498     -0.08203     -0.64603
      12.801     -0.02350      0.08302     -0.09288     -0.63026
      12.987     -0.03458      0.07135     -0.10327     -0.61407
      13.173     -0.04528      0.05999     -0.11320     -0.59749
      13.358     -0.05558      0.04894     -0.12267     -0.58055
      13.544     -0.06547      0.03821     -0.13167     -0.56328
      13.729     -0.07495      0.02781     -0.14019     -0.54570
      13.915     -0.08401      0.01775     -0.14823     -0.52786
      14.100     -0.09266      0.00802     -0.15579     -0.50977
      14.286     -0.10088     -0.00137     -0.16286     -0.49147
      14.471     -0.10868     -0.01041     -0.16944     -0.47299
      14.657     -0.11604     -0.01911     -0.17553     -0.45436
      14.842     -0.12298     -0.02746     -0.18114     -0.43560
      15.028     -0.12949     -0.03545     -0.18626     -0.41676
      15.213     -0.13557     -0.04309     -0.19089     -0.39785
      15.399     -0.14122     -0.05037     -0.19504     -0.37890
      15.584     -0.14644     -0.05730     -0.19871     -0.35995
      15.770     -0.15123     -0.06387     -0.20191     -0.34103
      15.955     -0.15561     -0.07009     -0.20463     -0.32215
      16.141     -0.15956     -0.07595     -0.20689     -0.30336
      16.327     -0.16310     -0.08147     -0.20868     -0.28467
      16.512     -0.16622     -0.08663     -0.21003     -0.26611
      16.698     -0.16894     -0.09145     -0.21093     -0.24771
      16.883     -0.17127     -0.09592     -0.21140     -0.22950
      17.069     -0.17319     -0.10006     -0.21143     -0.21149
      17.254     -0.17474     -0.10386     -0.21105     -0.19372
      17.440     -0.17590     -0.10733     -0.21026     -0.17620
      17.625     -0.17669     -0.11047     -0.20908     -0.15896
      17.811     -0.17712     -0.11329     -0.20751     -0.14202
      17.996     -0.17719     -0.11580     -0.20556     -0.12539
      18.182     -0.17692     -0.11800     -0.20325     -0.10911
      18.367     -0.17632     -0.11989     -0.20059     -0.09319
      18.553     -0.17539     -0.12149     -0.19760     -0.07765
      18.738     -0.17415     -0.12281     -0.19428     -0.06249
      18.924     -0.17260     -0.12384     -0.19065     -0.04775
      19.109     -0.17076     -0.12460     -0.18672     -0.03344
      19.295     -0.16864     -0.12510     -0.18252     -0.01956
      19.481     -0.16625     -0.12534     -0.17805     -0.00614
      19.666     -0.16361     -0.12533     -0.17333      0.00682
      19.852     -0.16072     -0.12508     -0.16837      0.01930
      20.037     -0.15760     -0.12461     -0.16319      0.03129
      20.223     -0.15426     -0.12391     -0.15780      0.04279
      20.408     -0.15071     -0.12301     -0.15223      0.05378
      20.594     -0.14697     -0.12190     -0.14648      0.06426
      20.779     -0.14304     -0.12060     -0.14057      0.07423
      20.965     -0.13895     -0.11912     -0.13452      0.08367
      21.150     -0.13471     -0.11746     -0.12835      0.09259
      21.336     -0.13032     -0.11565     -0.12206      0.10098
      21.521     -0.12580     -0.11368     -0.11568      0.10884
      21.707     -0.12117     -0.11157     -0.10921      0.11617
      21.892     -0.11643     -0.10933     -0.10268      0.12297
      22.078     -0.11161     -0.10696     -0.09610      0.12923
      22.263     -0.10670     -0.10448     -0.08949      0.13497
      22.449     -0.10174     -0.10190     -0.08286      0.14019
      22.635     -0.09672     -0.09923     -0.07622      0.14488
      22.820     -0.09166     -0.09647     -0.06960      0.14906
      23.006     -0.08657     -0.09364     -0.06299      0.15273
      23.191     -0.08147     -0.09075     -0.05642      0.15589
      23.377     -0.07637     -0.08780     -0.04991      0.15856
      23.562     -0.07127     -0.08480     -0.04346      0.16074
      23.748     -0.06619     -0.08177     -0.03708      0.16244
      23.933     -0.06114     -0.07871     -0.03079      0.16367
      24.119     -0.05614     -0.07563     -0.02461      0.16445
      24.304     -0.05118     -0.07255     -0.01853      0.16478
      24.490     -0.04628     -0.06946     -0.01258      0.16467
      24.675     -0.04146     -0.06637     -0.00676      0.16414
      24.861     -0.03671     -0.06330     -0.00109      0.16321
      25.046     -0.03205     -0.06025      0.00443      0.16187
      25.232     -0.02749     -0.05723      0.00979      0.16016
      25.417     -0.02304     -0.05425      0.01498      0.15808
      25.603     -0.01869     -0.05131      0.01999      0.15565
      25.788     -0.01447     -0.04841      0.02481      0.15288
      25.974     -0.01037     -0.04558      0.02944      0.14979
      26.160     -0.00641     -0.04280      0.03387      0.14640
      26.345     -0.00259     -0.04009      0.03810      0.14272
      26.531      0.00109     -0.03745      0.04211      0.13878
      26.716      0.00462     -0.03488      0.04591      0.13457
      26.902      0.00800     -0.03240      0.04949      0.13014
      27.087      0.01122     -0.03000      0.05285      0.12548
      27.273      0.01427     -0.02770      0.05598      0.12063
      27.458      0.01716     -0.02548      0.05888      0.11559
      27.644      0.01988     -0.02336      0.06155      0.11039
      27.829      0.02243     -0.02134      0.06400      0.10503
      28.015      0.02481     -0.01942      0.06620      0.09955
      28.200      0.02702     -0.01761      0.06818      0.09396
      28.386      0.02904     -0.01590      0.06992      0.08826
      28.571      0.03090     -0.01430      0.07143      0.08249
      28.757      0.03258     -0.01280      0.07271      0.07666
      28.942      0.03408     -0.01142      0.07377      0.07078
      29.128      0.03540     -0.01015      0.07459      0.06488
      29.314      0.03656     -0.00899      0.07520      0.05896
      29.499      0.03754     -0.00794      0.07558      0.05304
      29.685      0.03835     -0.00700      0.07575      0.04715
      29.870      0.03899     -0.00617      0.07570      0.04128
      30.056      0.03947     -0.00545      0.07545      0.03547
      30.241      0.03978     -0.00484      0.07499      0.02972
      30.427      0.03993     -0.00434      0.07434      0.02405
      30.612      0.03993     -0.00394      0.07349      0.01847
      30.798      0.03978     -0.00364      0.07246      0.01299
      30.983      0.03947     -0.00345      0.07125      0.00762
      31.169      0.03903     -0.00336      0.06987      0.00239
      31.354      0.03844     -0.00336      0.06832     -0.00271
      31.540      0.03772     -0.00346      0.06661     -0.00765
      31.725      0.03687     -0.00364      0.06476     -0.01244
      31.911      0.03590     -0.00392      0.06276     -0.01706
      32.096      0.03481     -0.00428      0.06062     -0.02150
      32.282      0.03361     -0.00473      0.05836     -0.02575
      32.468      0.03230     -0.00525      0.05598     -0.02981
      32.653      0.03089     -0.00584      0.05349     -0.03367
      32.839      0.02939     -0.00651      0.05090     -0.03732
      33.024      0.02780     -0.00724      0.04821     -0.04075
      33.210      0.02613     -0.00804      0.04544     -0.04397
      33.395      0.02438     -0.00889      0.04260     -0.04696
      33.581      0.02257     -0.00980      0.03969     -0.04973
      33.766      0.02069     -0.01075      0.03672     -0.05227
      33.952      0.01876     -0.01176      0.03370     -0.05457
      34.137      0.01679     -0.01280      0.03064     -0.05664
      34.323      0.01477     -0.01388      0.02755     -0.05848
      34.508      0.01272     -0.01499      0.02444     -0.06007
      34.694      0.01063     -0.01613      0.02131     -0.06144
      34.879      0.00853     -0.01729      0.01818     -0.06256
      35.065      0.00641     -0.01848      0.01505     -0.06345
      35.250      0.00429     -0.01967      0.01193     -0.06411
      35.436      0.00216     -0.02088      0.00883     -0.06454
      35.622      0.00004     -0.02209      0.00576     -0.06474
      35.807     -0.00208     -0.02331      0.00272     -0.06472
      35.993     -0.00417     -0.02452     -0.00028     -0.06447
      36.178     -0.00625     -0.02572     -0.00322     -0.06401
      36.364     -0.00830     -0.02692     -0.00612     -0.06334
      36.549     -0.01031     -0.02810     -0.00894     -0.06246
      36.735     -0.01229     -0.02926     -0.01170     -0.06139
      36.920     -0.01422     -0.03040     -0.01439     -0.06012
      37.106     -0.01611     -0.03151     -0.01699     -0.05866
      37.291     -0.01794     -0.03260     -0.01951     -0.05703
      37.477     -0.01971     -0.03365     -0.02193     -0.05522
      37.662     -0.02142     -0.03467     -0.02425     -0.05325
      37.848     -0.02307     -0.03565     -0.02648     -0.05112
      38.033     -0.02465     -0.03658     -0.02859     -0.04885
      38.219     -0.02615     -0.03748     -0.03060     -0.04643
      38.404     -0.02758     -0.03832     -0.03249     -0.04388
      38.590     -0.02892     -0.03912     -0.03427     -0.04122
      38.776     -0.03019     -0.03987     -0.03592     -0.03844
      38.961     -0.03137     -0.04056     -0.03746     -0.03555
      39.147     -0.03246     -0.04120     -0.03886     -0.03257
      39.332     -0.03346     -0.04178     -0.04014     -0.02951
      39.518     -0.03438     -0.04231     -0.04129     -0.02638
      39.703     -0.03520     -0.04277     -0.04232     -0.02318
      39.889     -0.03592     -0.04318     -0.04321     -0.01992
      40.074     -0.03656     -0.04352     -0.04397     -0.01662
      40.260     -0.03709     -0.04380     -0.04459     -0.01329
      40.445     -0.03754     -0.04402     -0.04509     -0.00992
      40.631     -0.03788     -0.04417     -0.04546     -0.00655
      40.816     -0.03814     -0.04426     -0.04570     -0.00316
      41.002     -0.03829     -0.04429     -0.04580      0.00022
      41.187     -0.03836     -0.04426     -0.04579      0.00359
      41.373     -0.03833     -0.04416     -0.04564      0.00694
      41.558     -0.03820     -0.04400     -0.04538      0.01026
      41.744     -0.03799     -0.04377     -0.04499      0.01354
      41.929     -0.03769     -0.04349     -0.04448      0.01677
      42.115     -0.03730     -0.04314     -0.04386      0.01995
      42.301     -0.03682     -0.04274     -0.04313      0.02307
      42.486     -0.03627     -0.04228     -0.04229      0.02611
      42.672     -0.03563     -0.04176     -0.04135      0.02907
      42.857     -0.03491     -0.04119     -0.04030      0.03195
      43.043     -0.03412     -0.04056     -0.03916      0.03474
      43.228     -0.03325     -0.03989     -0.03792      0.03743
      43.414     -0.03231     -0.03916     -0.03660      0.04001
      43.599     -0.03131     -0.03839     -0.03519      0.04248
      43.785     -0.03025     -0.03757     -0.03371      0.04484
      43.970     -0.02913     -0.03671     -0.03215      0.04708
      44.156     -0.02795     -0.03580     -0.03053      0.04918
      44.341     -0.02672     -0.03486     -0.02884      0.05116
      44.527     -0.02544     -0.03388     -0.02709      0.05301
      44.712     -0.02411     -0.03287     -0.02529      0.05472
      44.898     -0.02275     -0.03183     -0.02345      0.05629
      45.083     -0.02135     -0.03076     -0.02156      0.05771
      45.269     -0.01992     -0.02967     -0.01964      0.05899
      45.455     -0.01846     -0.02855     -0.01769      0.06012
      45.640     -0.01697     -0.02742     -0.01571      0.06111
      45.826     -0.01547     -0.02626     -0.01371      0.06194
      46.011     -0.01395     -0.02509     -0.01170      0.06263
      46.197     -0.01242     -0.02391     -0.00968      0.06317
      46.382     -0.01088     -0.02272     -0.00766      0.06355
      46.568     -0.00934     -0.02153     -0.00565      0.06379
      46.753     -0.00780     -0.02033     -0.00364      0.06388
      46.939     -0.00626     -0.01914     -0.00164      0.06382
      47.124     -0.00473     -0.01794      0.00033      0.06361
      47.310     -0.00322     -0.01675      0.00229      0.06327
      47.495     -0.00172     -0.01557      0.00421      0.06278
      47.681     -0.00024     -0.01440      0.00610      0.06216
      47.866      0.00122     -0.01324      0.00795      0.06140
      48.052      0.00265     -0.01209      0.00976      0.06051
      48.237      0.00404     -0.01097      0.01152      0.05949
      48.423      0.00541     -0.00986      0.01323      0.05836
      48.609      0.00673     -0.00878      0.01489      0.05710
      48.794      0.00802     -0.00772      0.01648      0.05572
      48.980      0.00926     -0.00669      0.01802      0.05424
      49.165      0.01046     -0.00569      0.01948      0.05266
      49.351      0.01161     -0.00472      0.02088      0.05097
      49.536      0.01271     -0.00378      0.02221      0.04920
      49.722      0.01376     -0.00287      0.02346      0.04733
      49.907      0.01475     -0.00200      0.02463      0.04538
      50.093      0.01568     -0.00117      0.02573      0.04336
      50.278      0.01656     -0.00038      0.02674      0.04127
      50.464      0.01737      0.00038      0.02767      0.03912
      50.649      0.01813      0.00109      0.02851      0.03690
      50.835      0.01882      0.00176      0.02927      0.03464
      51.020      0.01944      0.00239      0.02994      0.03234
      51.206      0.02001      0.00297      0.03052      0.02999
      51.391      0.02050      0.00351      0.03101      0.02762
      51.577      0.02093      0.00401      0.03141      0.02522
      51.763      0.02130      0.00446      0.03173      0.02281
      51.948      0.02159      0.00486      0.03195      0.02038
      52.134      0.02183      0.00522      0.03209      0.01795
      52.319      0.02199      0.00554      0.03214      0.01552
      52.505      0.02209      0.00581      0.03210      0.01310
      52.690      0.02212      0.00603      0.03197      0.01069
      52.876      0.02209      0.00621      0.03176      0.00831
      53.061      0.02200      0.00634      0.03147      0.00595
      53.247      0.02184      0.00643      0.03109      0.00363
      53.432      0.02162      0.00648      0.03064      0.00134
      53.618      0.02134      0.00648      0.03010     -0.00090
      53.803      0.02101      0.00644      0.02949     -0.00309
      53.989      0.02061      0.00637      0.02881     -0.00523
      54.174      0.02016      0.00625      0.02806     -0.00730
      54.360      0.01966      0.00609      0.02724     -0.00932
      54.545      0.01911      0.00590      0.02635     -0.01126
      54.731      0.01850      0.00567      0.02540     -0.01313
      54.917      0.01785      0.00541      0.02440     -0.01491
      55.102      0.01716      0.00511      0.02333     -0.01662
      55.288      0.01642      0.00478      0.02222     -0.01824
      55.473      0.01565      0.00443      0.02106     -0.01978
      55.659      0.01483      0.00404      0.01985     -0.02122
      55.844      0.01399      0.00363      0.01860     -0.02256
      56.030      0.01311      0.00320      0.01732     -0.02381
      56.215      0.01220      0.00274      0.01600     -0.02496
      56.401      0.01127      0.00226      0.01465     -0.02601
      56.586      0.01032      0.00176      0.01328     -0.02695
      56.772      0.00934      0.00125      0.01188     -0.02779
      56.957      0.00835      0.00072      0.01047     -0.02852
      57.143      0.00734      0.00018      0.00904     -0.02914
      57.328      0.00632     -0.00037      0.00760     -0.02966
      57.514      0.00530     -0.00093      0.00616     -0.03007
      57.699      0.00427     -0.00150      0.00472     -0.03038
      57.885      0.00323     -0.00207      0.00328     -0.03058
      58.071      0.00220     -0.00264      0.00184     -0.03067
      58.256      0.00117     -0.00322      0.00042     -0.03065
      58.442      0.00015     -0.00379     -0.00100     -0.03053
      58.627     -0.00087     -0.00436     -0.00239     -0.03031
      58.813     -0.00187     -0.00493     -0.00376     -0.02999
      58.998     -0.00285     -0.00549     -0.00511     -0.02957
      59.184     -0.00382     -0.00604     -0.00643     -0.02905
      59.369     -0.00477     -0.00658     -0.00772     -0.02844
      59.555     -0.00570     -0.00710     -0.00898     -0.02773
      59.740     -0.00660     -0.00762     -0.01020     -0.02694
      59.926     -0.00748     -0.00811     -0.01138     -0.02606
      60.111     -0.00832     -0.00859     -0.01251     -0.02510
      60.297     -0.00914     -0.00905     -0.01360     -0.02406
      60.482     -0.00992     -0.00949     -0.01464     -0.02295
      60.668     -0.01067     -0.00991     -0.01563     -0.02176
      60.853     -0.01138     -0.01031     -0.01657     -0.02051
      61.039     -0.01205     -0.01068     -0.01745     -0.01920
      61.224     -0.01268     -0.01103     -0.01827     -0.01782
      61.410     -0.01327     -0.01135     -0.01904     -0.01640
      61.596     -0.01381     -0.01164     -0.01974     -0.01492
      61.781     -0.01431     -0.01191     -0.02039     -0.01339
      61.967     -0.01477     -0.01215     -0.02097     -0.01183
      62.152     -0.01518     -0.01235     -0.02149     -0.01023
      62.338     -0.01555     -0.01253     -0.02194     -0.00860
      62.523     -0.01586     -0.01268     -0.02233     -0.00694
      62.709     -0.01613     -0.01279     -0.02265     -0.00527
      62.894     -0.01635     -0.01287     -0.02291     -0.00357
      63.080     -0.01652     -0.01292     -0.02310     -0.00187
      63.265     -0.01664     -0.01294     -0.02323     -0.00016
      63.451     -0.01672     -0.01293     -0.02328      0.00156
      63.636     -0.01674     -0.01288     -0.02328      0.00327
      63.822     -0.01672     -0.01281     -0.02321      0.00497
      64.007     -0.01665     -0.01270     -0.02307      0.00666
      64.193     -0.01654     -0.01256     -0.02287      0.00833
      64.378     -0.01637     -0.01239     -0.02261      0.00999
      64.564     -0.01616     -0.01218     -0.02229      0.01161
      64.750     -0.01591     -0.01195     -0.02191      0.01321
      64.935     -0.01561     -0.01169     -0.02147      0.01477
      65.121     -0.01527     -0.01140     -0.02098      0.01629
      65.306     -0.01489     -0.01108     -0.02043      0.01777
      65.492     -0.01446     -0.01073     -0.01983      0.01920
      65.677     -0.01400     -0.01036     -0.01918      0.02058
      65.863     -0.01350     -0.00996     -0.01848      0.02191
      66.048     -0.01297     -0.00954     -0.01773      0.02318
      66.234     -0.01240     -0.00909     -0.01694      0.02440
      66.419     -0.01180     -0.00862     -0.01612      0.02555
      66.605     -0.01117     -0.00813     -0.01525      0.02663
      66.790     -0.01052     -0.00762     -0.01434      0.02765
      66.976     -0.00983     -0.00710     -0.01341      0.02859
      67.161     -0.00912     -0.00655     -0.01244      0.02947
      67.347     -0.00839     -0.00599     -0.01145      0.03026
      67.532     -0.00764     -0.00542     -0.01043      0.03099
      67.718     -0.00688     -0.00483     -0.00939      0.03163
      67.904     -0.00609     -0.00423     -0.00833      0.03220
      68.089     -0.00529     -0.00362     -0.00726      0.03268
      68.275     -0.00449     -0.00301     -0.00617      0.03309
      68.460     -0.00367     -0.00238     -0.00508      0.03342
      68.646     -0.00284     -0.00175     -0.00398      0.03366
      68.831     -0.00201     -0.00112     -0.00287      0.03382
      69.017     -0.00118     -0.00048     -0.00177      0.03390
      69.202     -0.00035      0.00015     -0.00067      0.03390
      69.388      0.00048      0.00079      0.00043      0.03382
      69.573      0.00130      0.00142      0.00152      0.03365
      69.759      0.00212      0.00205      0.00259      0.03341
      69.944      0.00293      0.00267      0.00366      0.03309
      70.130      0.00372      0.00329      0.00470      0.03270
      70.315      0.00451      0.00390      0.00572      0.03223
      70.501      0.00528      0.00450      0.00673      0.03169
      70.686      0.00603      0.00509      0.00770      0.03107
      70.872      0.00677      0.00566      0.00865      0.03039
      71.058      0.00748      0.00622      0.00957      0.02964
      71.243      0.00817      0.00677      0.01046      0.02882
      71.429      0.00884      0.00731      0.01131      0.02794
      71.614      0.00948      0.00782      0.01213      0.02701
      71.800      0.01010      0.00832      0.01291      0.02601
      71.985      0.01068      0.00880      0.01365      0.02497
      72.171      0.01124      0.00925      0.01435      0.02387
      72.356      0.01177      0.00969      0.01500      0.02273
      72.542      0.01226      0.01011      0.01561      0.02154
      72.727      0.01272      0.01050      0.01618      0.02032
      72.913      0.01315      0.01087      0.01669      0.01906
      73.098      0.01354      0.01121      0.01716      0.01776
      73.284      0.01389      0.01153      0.01758      0.01644
      73.469      0.01421      0.01183      0.01795      0.01509
      73.655      0.01449      0.01210      0.01827      0.01371
      73.840      0.01473      0.01234      0.01853      0.01232
      74.026      0.01494      0.01256      0.01875      0.01092
      74.212      0.01511      0.01275      0.01892      0.00950
      74.397      0.01524      0.01292      0.01903      0.00808
      74.583      0.01533      0.01306      0.01909      0.00666
      74.768      0.01538      0.01317      0.01910      0.00523
      74.954      0.01539      0.01325      0.01906      0.00381
      75.139      0.01537      0.01331      0.01897      0.00240
      75.325      0.01531      0.01334      0.01883      0.00100
      75.510      0.01521      0.01335      0.01864     -0.00038
      75.696      0.01507      0.01333      0.01840     -0.00174
      75.881      0.01490      0.01328      0.01812     -0.00308
      76.067      0.01470      0.01321      0.01779     -0.00440
      76.252      0.01446      0.01312      0.01741     -0.00569
      76.438      0.01418      0.01300      0.01699     -0.00694
      76.623      0.01388      0.01286      0.01653     -0.00816
      76.809      0.01354      0.01269      0.01603     -0.00934
      76.994      0.01318      0.01251      0.01549     -0.01048
      77.180      0.01278      0.01230      0.01491     -0.01157
      77.365      0.01236      0.01208      0.01430     -0.01262
      77.551      0.01191      0.01183      0.01366     -0.01362
      77.737      0.01144      0.01156      0.01298     -0.01457
      77.922      0.01094      0.01128      0.01227     -0.01546
      78.108      0.01042      0.01099      0.01154     -0.01631
      78.293      0.00988      0.01067      0.01078     -0.01709
      78.479      0.00933      0.01034      0.01000     -0.01781
      78.664      0.00875      0.01000      0.00920     -0.01848
      78.850      0.00816      0.00965      0.00838     -0.01908
      79.035      0.00756      0.00929      0.00755     -0.01963
      79.221      0.00695      0.00892      0.00670     -0.02010
      79.406      0.00632      0.00853      0.00584     -0.02052
      79.592      0.00569      0.00815      0.00497     -0.02087
      79.777      0.00506      0.00775      0.00410     -0.02116
      79.963      0.00441      0.00735      0.00322     -0.02138
      80.148      0.00377      0.00695      0.00234     -0.02153
      80.334      0.00312      0.00655      0.00146     -0.02162
      80.519      0.00248      0.00614      0.00059     -0.02165
      80.705      0.00184      0.00574     -0.00028     -0.02161
      80.891      0.00120      0.00533     -0.00114     -0.02151
      81.076      0.00057      0.00493     -0.00199     -0.02134
      81.262     -0.00006      0.00453     -0.00283     -0.02112
      81.447     -0.00067      0.00414     -0.00365     -0.02083
      81.633     -0.00127      0.00375     -0.00445     -0.02048
      81.818     -0.00186      0.00337     -0.00524     -0.02008
      82.004     -0.00244      0.00300     -0.00600     -0.01962
      82.189     -0.00300      0.00263     -0.00675     -0.01911
      82.375     -0.00354      0.00228     -0.00746     -0.01854
      82.560     -0.00407      0.00194     -0.00815     -0.01792
      82.746     -0.00457      0.00161     -0.00882     -0.01726
      82.931     -0.00506      0.00129     -0.00945     -0.01655
      83.117     -0.00552      0.00099     -0.01005     -0.01579
      83.302     -0.00596      0.00070     -0.01062     -0.01499
      83.488     -0.00637      0.00043     -0.01115     -0.01416
      83.673     -0.00676      0.00017     -0.01165     -0.01329
      83.859     -0.00712     -0.00007     -0.01211     -0.01238
      84.045     -0.00746     -0.00030     -0.01253     -0.01145
      84.230     -0.00777     -0.00050     -0.01292     -0.01048
      84.416     -0.00805     -0.00069     -0.01326     -0.00950
      84.601     -0.00830     -0.00086     -0.01357     -0.00849
      84.787     -0.00852     -0.00101     -0.01383     -0.00746
      84.972     -0.00871     -0.00114     -0.01406     -0.00641
      85.158     -0.00887     -0.00125     -0.01424     -0.00536
      85.343     -0.00900     -0.00134     -0.01439     -0.00429
      85.529     -0.00910     -0.00141     -0.01449     -0.00322
      85.714     -0.00917     -0.00146     -0.01454     -0.00214
      85.900     -0.00920     -0.00149     -0.01456     -0.00106
      86.085     -0.00921     -0.00150     -0.01454      0.00001
      86.271     -0.00919     -0.00149     -0.01447      0.00108
      86.456     -0.00913     -0.00146     -0.01437      0.00214
      86.642     -0.00905     -0.00141     -0.01422      0.00319
      86.827     -0.00894     -0.00134     -0.01404      0.00422
      87.013     -0.00880     -0.00125     -0.01381      0.00524
      87.199     -0.00863     -0.00114     -0.01355      0.00624
      87.384     -0.00843     -0.00102     -0.01325      0.00721
      87.570     -0.00821     -0.00087     -0.01292      0.00816
      87.755     -0.00796     -0.00071     -0.01255      0.00908
      87.941     -0.00768     -0.00053     -0.01215      0.00997
      88.126     -0.00738     -0.00034     -0.01172      0.01083
      88.312     -0.00706     -0.00012     -0.01126      0.01166
      88.497     -0.00672      0.00010     -0.01076      0.01244
      88.683     -0.00635      0.00034     -0.01024      0.01319
      88.868     -0.00596      0.00060     -0.00970      0.01390
      89.054     -0.00556      0.00086     -0.00913      0.01456
      89.239     -0.00514      0.00114     -0.00853      0.01518
      89.425     -0.00470      0.00143     -0.00792      0.01576
      89.610     -0.00424      0.00173     -0.00728      0.01629
      89.796     -0.00377      0.00204     -0.00663      0.01677
      89.981     -0.00329      0.00236     -0.00597      0.01720
      90.167     -0.00280      0.00269     -0.00529      0.01757
      90.353     -0.00230      0.00302     -0.00460      0.01790
      90.538     -0.00179      0.00336     -0.00390      0.01818
      90.724     -0.00128      0.00370     -0.00319      0.01840
      90.909     -0.00076      0.00405     -0.00248      0.01857
      91.095     -0.00023      0.00440     -0.00176      0.01869
      91.280      0.00029      0.00475     -0.00104      0.01876
      91.466      0.00082      0.00510     -0.00032      0.01877
      91.651      0.00134      0.00545      0.00039      0.01873
      91.837      0.00187      0.00580      0.00110      0.01864
      92.022      0.00239      0.00615      0.00181      0.01849
      92.208      0.00290      0.00650      0.00251      0.01830
      92.393      0.00341      0.00684      0.00319      0.01805
      92.579      0.00391      0.00717      0.00387      0.01775
      92.764      0.00441      0.00750      0.00453      0.01741
      92.950      0.00489      0.00783      0.00518      0.01701
      93.135      0.00536      0.00814      0.00581      0.01658
      93.321      0.00581      0.00845      0.00642      0.01609
      93.506      0.00626      0.00874      0.00701      0.01557
      93.692      0.00668      0.00903      0.00758      0.01500
      93.878      0.00709      0.00931      0.00813      0.01439
      94.063      0.00749      0.00957      0.00865      0.01374
      94.249      0.00786      0.00982      0.00914      0.01306
      94.434      0.00822      0.01006      0.00961      0.01234
      94.620      0.00855      0.01028      0.01005      0.01159
      94.805      0.00886      0.01049      0.01047      0.01081
      94.991      0.00916      0.01069      0.01085      0.01001
      95.176      0.00943      0.01087      0.01120      0.00918
      95.362      0.00967      0.01103      0.01152      0.00832
      95.547      0.00990      0.01118      0.01181      0.00745
      95.733      0.01009      0.01131      0.01206      0.00655
      95.918      0.01027      0.01143      0.01228      0.00564
      96.104      0.01042      0.01152      0.01247      0.00472
      96.289      0.01054      0.01160      0.01262      0.00379
      96.475      0.01064      0.01167      0.01274      0.00284
      96.660      0.01071      0.01171      0.01282      0.00190
      96.846      0.01076      0.01174      0.01287      0.00095
      97.032      0.01078      0.01175      0.01288     -0.00001
      97.217      0.01077      0.01174      0.01286     -0.00095
      97.403      0.01074      0.01171      0.01281     -0.00190
      97.588      0.01069      0.01167      0.01272     -0.00284
      97.774      0.01061      0.01160      0.01260     -0.00376
      97.959      0.01050      0.01153      0.01245     -0.00468
      98.145      0.01037      0.01143      0.01226     -0.00558
      98.330      0.01022      0.01132      0.01204     -0.00647
      98.516      0.01004      0.01119      0.01179     -0.00733
      98.701      0.00984      0.01104      0.01151     -0.00818
      98.887      0.00962      0.01088      0.01120     -0.00900
      99.072      0.00938      0.01070      0.01087     -0.00980
      99.258      0.00911      0.01051      0.01050     -0.01056
      99.443      0.00883      0.01031      0.01011     -0.01131
      99.629      0.00853      0.01009      0.00970     -0.01201
      99.814      0.00821      0.00986      0.00926     -0.01269
     100.000      0.00787      0.00961      0.00880     -0.01333
