  0  3   360  1800   10.00 gravity disturbance, height anomaly, gravity gradient, vertical deflection
     360      0.02133      0.38967      0.00086      0.01797
     361      0.02156      0.39171      0.00088      0.01820
     362      0.02179      0.39375      0.00089      0.01844
     363      0.02202      0.39580      0.00091      0.01867
     364      0.02226      0.39785      0.00092      0.01891
     365      0.02250      0.39991      0.00094      0.01915
     366      0.02274      0.40197      0.00095      0.01939
     367      0.02298      0.40404      0.00097      0.01964
     368      0.02322      0.40611      0.00098      0.01988
     369      0.02347      0.40819      0.00100      0.02013
     370      0.02372      0.41028      0.00102      0.02038
     371      0.02397      0.41237      0.00103      0.02063
     372      0.02422      0.41447      0.00105      0.02088
     373      0.02447      0.41657      0.00106      0.02113
     374      0.02473      0.41868      0.00108      0.02138
     375      0.02498      0.42080      0.00110      0.02164
     376      0.02524      0.42293      0.00112      0.02190
     377      0.02551      0.42506      0.00113      0.02216
     378      0.02577      0.42720      0.00115      0.02242
     379      0.02604      0.42935      0.00117      0.02268
     380      0.02631      0.43150      0.00119      0.02294
     381      0.02658      0.43367      0.00121      0.02321
     382      0.02685      0.43584      0.00122      0.02348
     383      0.02712      0.43802      0.00124      0.02374
     384      0.02740      0.44021      0.00126      0.02401
     385      0.02768      0.44240      0.00128      0.02428
     386      0.02796      0.44461      0.00130      0.02456
     387      0.02825      0.44683      0.00132      0.02483
     388      0.02854      0.44905      0.00134      0.02510
     389      0.02883      0.45128      0.00136      0.02538
     390      0.02912      0.45353      0.00138      0.02566
     391      0.02941      0.45578      0.00141      0.02594
     392      0.02971      0.45804      0.00143      0.02622
     393      0.03001      0.46031      0.00145      0.02650
     394      0.03031      0.46259      0.00147      0.02678
     395      0.03062      0.46489      0.00149      0.02706
     396      0.03092      0.46719      0.00152      0.02735
     397      0.03123      0.46950      0.00154      0.02763
     398      0.03154      0.47182      0.00156      0.02792
     399      0.03186      0.47415      0.00159      0.02821
     400      0.03218      0.47649      0.00161      0.02850
     401      0.03250      0.47885      0.00163      0.02879
     402      0.03282      0.48121      0.00166      0.02908
     403      0.03315      0.48358      0.00168      0.02937
     404      0.03347      0.48596      0.00171      0.02966
     405      0.03381      0.48836      0.00173      0.02996
     406      0.03414      0.49076      0.00176      0.03025
     407      0.03448      0.49317      0.00178      0.03055
     408      0.03482      0.49560      0.00181      0.03085
     409      0.03516      0.49803      0.00184      0.03115
     410      0.03550      0.50047      0.00186      0.03145
     411      0.03585      0.50293      0.00189      0.03175
     412      0.03620      0.50539      0.00192      0.03205
     413      0.03656      0.50787      0.00195      0.03236
     414      0.03691      0.51035      0.00198      0.03266
     415      0.03727      0.51284      0.00201      0.03297
     416      0.03763      0.51535      0.00203      0.03327
     417      0.03800      0.51786      0.00206      0.03358
     418      0.03837      0.52038      0.00209      0.03389
     419      0.03874      0.52291      0.00212      0.03420
     420      0.03911      0.52546      0.00216      0.03451
     421      0.03949      0.52801      0.00219      0.03482
     422      0.03987      0.53056      0.00222      0.03513
     423      0.04025      0.53313      0.00225      0.03545
     424      0.04064      0.53571      0.00228      0.03576
     425      0.04102      0.53829      0.00231      0.03608
     426      0.04142      0.54089      0.00235      0.03640
     427      0.04181      0.54349      0.00238      0.03672
     428      0.04221      0.54609      0.00241      0.03704
     429      0.04261      0.54871      0.00245      0.03736
     430      0.04301      0.55133      0.00248      0.03768
     431      0.04342      0.55396      0.00252      0.03800
     432      0.04383      0.55660      0.00255      0.03833
     433      0.04424      0.55925      0.00259      0.03865
     434      0.04465      0.56190      0.00263      0.03898
     435      0.04507      0.56455      0.00266      0.03931
     436      0.04549      0.56722      0.00270      0.03964
     437      0.04591      0.56988      0.00274      0.03997
     438      0.04634      0.57256      0.00278      0.04031
     439      0.04677      0.57524      0.00281      0.04064
     440      0.04720      0.57792      0.00285      0.04098
     441      0.04764      0.58061      0.00289      0.04131
     442      0.04807      0.58330      0.00293      0.04165
     443      0.04851      0.58600      0.00297      0.04199
     444      0.04896      0.58870      0.00301      0.04234
     445      0.04940      0.59140      0.00305      0.04268
     446      0.04985      0.59410      0.00310      0.04303
     447      0.05030      0.59681      0.00314      0.04337
     448      0.05076      0.59952      0.00318      0.04372
     449      0.05122      0.60224      0.00322      0.04407
     450      0.05168      0.60495      0.00327      0.04443
     451      0.05214      0.60767      0.00331      0.04478
     452      0.05260      0.61039      0.00335      0.04514
     453      0.05307      0.61310      0.00340      0.04550
     454      0.05354      0.61582      0.00344      0.04586
     455      0.05401      0.61854      0.00349      0.04622
     456      0.05449      0.62126      0.00354      0.04658
     457      0.05497      0.62398      0.00358      0.04695
     458      0.05545      0.62670      0.00363      0.04732
     459      0.05593      0.62941      0.00368      0.04769
     460      0.05642      0.63213      0.00373      0.04806
     461      0.05691      0.63484      0.00377      0.04844
     462      0.05740      0.63755      0.00382      0.04882
     463      0.05789      0.64026      0.00387      0.04920
     464      0.05838      0.64296      0.00392      0.04958
     465      0.05888      0.64566      0.00397      0.04997
     466      0.05938      0.64836      0.00402      0.05036
     467      0.05988      0.65105      0.00408      0.05075
     468      0.06039      0.65374      0.00413      0.05114
     469      0.06090      0.65643      0.00418      0.05154
     470      0.06141      0.65911      0.00423      0.05194
     471      0.06192      0.66179      0.00429      0.05234
     472      0.06243      0.66446      0.00434      0.05274
     473      0.06295      0.66712      0.00439      0.05315
     474      0.06346      0.66978      0.00445      0.05356
     475      0.06398      0.67243      0.00450      0.05397
     476      0.06451      0.67508      0.00456      0.05439
     477      0.06503      0.67771      0.00462      0.05481
     478      0.06556      0.68035      0.00467      0.05523
     479      0.06608      0.68297      0.00473      0.05566
     480      0.06661      0.68559      0.00479      0.05609
     481      0.06714      0.68820      0.00485      0.05652
     482      0.06768      0.69080      0.00491      0.05696
     483      0.06821      0.69339      0.00496      0.05740
     484      0.06875      0.69597      0.00502      0.05784
     485      0.06929      0.69855      0.00508      0.05828
     486      0.06983      0.70111      0.00515      0.05873
     487      0.07037      0.70367      0.00521      0.05919
     488      0.07092      0.70622      0.00527      0.05964
     489      0.07146      0.70875      0.00533      0.06010
     490      0.07201      0.71128      0.00539      0.06057
     491      0.07256      0.71380      0.00546      0.06103
     492      0.07311      0.71631      0.00552      0.06150
     493      0.07367      0.71880      0.00558      0.06198
     494      0.07422      0.72129      0.00565      0.06246
     495      0.07478      0.72376      0.00571      0.06294
     496      0.07533      0.72623      0.00578      0.06343
     497      0.07589      0.72868      0.00585      0.06392
     498      0.07645      0.73113      0.00591      0.06441
     499      0.07702      0.73356      0.00598      0.06491
     500      0.07758      0.73598      0.00605      0.06541
     501      0.07814      0.73839      0.00612      0.06591
     502      0.07871      0.74079      0.00619      0.06642
     503      0.07928      0.74318      0.00626      0.06694
     504      0.07985      0.74555      0.00633      0.06745
     505      0.08042      0.74792      0.00640      0.06798
     506      0.08099      0.75027      0.00647      0.06850
     507      0.08157      0.75261      0.00654      0.06903
     508      0.08214      0.75494      0.00661      0.06957
     509      0.08272      0.75726      0.00668      0.07010
     510      0.08329      0.75957      0.00676      0.07064
     511      0.08387      0.76187      0.00683      0.07119
     512      0.08445      0.76415      0.00690      0.07174
     513      0.08504      0.76642      0.00698      0.07229
     514      0.08562      0.76868      0.00705      0.07285
     515      0.08620      0.77094      0.00713      0.07341
     516      0.08679      0.77317      0.00721      0.07398
     517      0.08738      0.77540      0.00728      0.07455
     518      0.08796      0.77762      0.00736      0.07513
     519      0.08855      0.77983      0.00744      0.07570
     520      0.08915      0.78202      0.00752      0.07629
     521      0.08974      0.78421      0.00759      0.07687
     522      0.09033      0.78638      0.00767      0.07746
     523      0.09093      0.78854      0.00775      0.07806
     524      0.09152      0.79070      0.00783      0.07866
     525      0.09212      0.79284      0.00792      0.07926
     526      0.09272      0.79498      0.00800      0.07986
     527      0.09332      0.79710      0.00808      0.08047
     528      0.09392      0.79921      0.00816      0.08109
     529      0.09453      0.80132      0.00825      0.08171
     530      0.09513      0.80341      0.00833      0.08233
     531      0.09574      0.80550      0.00842      0.08295
     532      0.09635      0.80758      0.00850      0.08358
     533      0.09696      0.80965      0.00859      0.08422
     534      0.09757      0.81171      0.00867      0.08485
     535      0.09818      0.81376      0.00876      0.08549
     536      0.09880      0.81581      0.00885      0.08614
     537      0.09941      0.81784      0.00894      0.08678
     538      0.10003      0.81987      0.00902      0.08744
     539      0.10065      0.82190      0.00911      0.08809
     540      0.10127      0.82391      0.00920      0.08875
     541      0.10189      0.82592      0.00930      0.08941
     542      0.10252      0.82792      0.00939      0.09007
     543      0.10314      0.82992      0.00948      0.09074
     544      0.10377      0.83191      0.00957      0.09141
     545      0.10440      0.83390      0.00966      0.09209
     546      0.10503      0.83588      0.00976      0.09276
     547      0.10567      0.83785      0.00985      0.09344
     548      0.10630      0.83982      0.00995      0.09413
     549      0.10694      0.84179      0.01005      0.09481
     550      0.10758      0.84375      0.01014      0.09550
     551      0.10822      0.84571      0.01024      0.09619
     552      0.10886      0.84767      0.01034      0.09689
     553      0.10951      0.84962      0.01044      0.09759
     554      0.11016      0.85157      0.01054      0.09829
     555      0.11081      0.85351      0.01064      0.09899
     556      0.11146      0.85546      0.01074      0.09969
     557      0.11211      0.85740      0.01084      0.10040
     558      0.11277      0.85934      0.01094      0.10111
     559      0.11343      0.86128      0.01105      0.10182
     560      0.11409      0.86322      0.01115      0.10254
     561      0.11475      0.86515      0.01125      0.10325
     562      0.11542      0.86709      0.01136      0.10397
     563      0.11609      0.86902      0.01147      0.10469
     564      0.11676      0.87096      0.01157      0.10542
     565      0.11744      0.87290      0.01168      0.10614
     566      0.11811      0.87483      0.01179      0.10687
     567      0.11879      0.87677      0.01190      0.10759
     568      0.11947      0.87871      0.01201      0.10832
     569      0.12016      0.88065      0.01212      0.10906
     570      0.12085      0.88259      0.01223      0.10979
     571      0.12154      0.88454      0.01235      0.11052
     572      0.12223      0.88648      0.01246      0.11126
     573      0.12293      0.88843      0.01257      0.11199
     574      0.12363      0.89038      0.01269      0.11273
     575      0.12433      0.89234      0.01281      0.11347
     576      0.12504      0.89429      0.01292      0.11421
     577      0.12575      0.89625      0.01304      0.11495
     578      0.12646      0.89822      0.01316      0.11570
     579      0.12717      0.90019      0.01328      0.11644
     580      0.12789      0.90216      0.01340      0.11719
     581      0.12861      0.90413      0.01353      0.11793
     582      0.12934      0.90611      0.01365      0.11868
     583      0.13007      0.90810      0.01377      0.11942
     584      0.13080      0.91009      0.01390      0.12017
     585      0.13153      0.91208      0.01402      0.12092
     586      0.13227      0.91408      0.01415      0.12167
     587      0.13301      0.91609      0.01428      0.12242
     588      0.13376      0.91810      0.01441      0.12317
     589      0.13451      0.92011      0.01454      0.12392
     590      0.13526      0.92213      0.01467      0.12467
     591      0.13602      0.92416      0.01480      0.12542
     592      0.13678      0.92619      0.01493      0.12617
     593      0.13754      0.92823      0.01507      0.12692
     594      0.13831      0.93027      0.01520      0.12767
     595      0.13908      0.93232      0.01534      0.12843
     596      0.13986      0.93438      0.01547      0.12918
     597      0.14063      0.93644      0.01561      0.12993
     598      0.14142      0.93851      0.01575      0.13068
     599      0.14220      0.94058      0.01589      0.13143
     600      0.14299      0.94267      0.01603      0.13218
     601      0.14379      0.94475      0.01618      0.13294
     602      0.14458      0.94684      0.01632      0.13369
     603      0.14539      0.94894      0.01646      0.13444
     604      0.14619      0.95105      0.01661      0.13519
     605      0.14700      0.95316      0.01676      0.13594
     606      0.14781      0.95528      0.01691      0.13670
     607      0.14863      0.95740      0.01706      0.13745
     608      0.14945      0.95953      0.01721      0.13820
     609      0.15028      0.96167      0.01736      0.13895
     610      0.15111      0.96381      0.01751      0.13970
     611      0.15194      0.96595      0.01766      0.14045
     612      0.15277      0.96811      0.01782      0.14120
     613      0.15361      0.97027      0.01798      0.14195
     614      0.15446      0.97243      0.01813      0.14270
     615      0.15531      0.97460      0.01829      0.14345
     616      0.15616      0.97677      0.01845      0.14420
     617      0.15702      0.97895      0.01861      0.14496
     618      0.15788      0.98113      0.01878      0.14571
     619      0.15874      0.98332      0.01894      0.14646
     620      0.15961      0.98551      0.01911      0.14721
     621      0.16048      0.98771      0.01927      0.14796
     622      0.16135      0.98991      0.01944      0.14871
     623      0.16223      0.99212      0.01961      0.14946
     624      0.16312      0.99433      0.01978      0.15021
     625      0.16400      0.99654      0.01995      0.15096
     626      0.16489      0.99875      0.02012      0.15171
     627      0.16579      1.00097      0.02029      0.15246
     628      0.16668      1.00319      0.02047      0.15321
     629      0.16758      1.00541      0.02064      0.15396
     630      0.16849      1.00764      0.02082      0.15471
     631      0.16940      1.00987      0.02100      0.15547
     632      0.17031      1.01210      0.02118      0.15622
     633      0.17122      1.01433      0.02136      0.15697
     634      0.17214      1.01656      0.02154      0.15772
     635      0.17306      1.01879      0.02173      0.15848
     636      0.17399      1.02103      0.02191      0.15923
     637      0.17492      1.02326      0.02210      0.15999
     638      0.17585      1.02549      0.02229      0.16075
     639      0.17678      1.02772      0.02247      0.16150
     640      0.17772      1.02996      0.02266      0.16226
     641      0.17866      1.03219      0.02285      0.16302
     642      0.17961      1.03442      0.02305      0.16378
     643      0.18055      1.03665      0.02324      0.16454
     644      0.18150      1.03887      0.02344      0.16531
     645      0.18246      1.04110      0.02363      0.16607
     646      0.18341      1.04332      0.02383      0.16684
     647      0.18437      1.04554      0.02403      0.16760
     648      0.18533      1.04775      0.02423      0.16837
     649      0.18630      1.04997      0.02443      0.16914
     650      0.18726      1.05217      0.02463      0.16991
     651      0.18823      1.05438      0.02483      0.17069
     652      0.18921      1.05658      0.02504      0.17146
     653      0.19018      1.05877      0.02524      0.17224
     654      0.19116      1.06096      0.02545      0.17302
     655      0.19213      1.06314      0.02566      0.17380
     656      0.19312      1.06532      0.02587      0.17458
     657      0.19410      1.06749      0.02608      0.17537
     658      0.19508      1.06965      0.02629      0.17616
     659      0.19607      1.07181      0.02651      0.17695
     660      0.19706      1.07396      0.02672      0.17774
     661      0.19805      1.07610      0.02694      0.17854
     662      0.19904      1.07824      0.02715      0.17934
     663      0.20004      1.08037      0.02737      0.18014
     664      0.20103      1.08248      0.02759      0.18095
     665      0.20203      1.08459      0.02781      0.18175
     666      0.20303      1.08669      0.02803      0.18256
     667      0.20403      1.08878      0.02825      0.18338
     668      0.20504      1.09086      0.02848      0.18419
     669      0.20604      1.09293      0.02870      0.18501
     670      0.20704      1.09499      0.02893      0.18584
     671      0.20805      1.09704      0.02916      0.18667
     672      0.20906      1.09908      0.02938      0.18750
     673      0.21007      1.10111      0.02961      0.18833
     674      0.21108      1.10313      0.02984      0.18917
     675      0.21209      1.10513      0.03008      0.19001
     676      0.21310      1.10712      0.03031      0.19086
     677      0.21411      1.10911      0.03054      0.19171
     678      0.21512      1.11107      0.03078      0.19256
     679      0.21614      1.11303      0.03101      0.19342
     680      0.21715      1.11497      0.03125      0.19428
     681      0.21817      1.11690      0.03149      0.19515
     682      0.21918      1.11882      0.03173      0.19602
     683      0.22020      1.12072      0.03197      0.19690
     684      0.22122      1.12261      0.03221      0.19777
     685      0.22223      1.12449      0.03245      0.19866
     686      0.22325      1.12635      0.03270      0.19955
     687      0.22427      1.12820      0.03294      0.20044
     688      0.22529      1.13003      0.03319      0.20134
     689      0.22630      1.13185      0.03343      0.20224
     690      0.22732      1.13365      0.03368      0.20315
     691      0.22834      1.13544      0.03393      0.20406
     692      0.22936      1.13722      0.03418      0.20498
     693      0.23038      1.13898      0.03443      0.20590
     694      0.23140      1.14072      0.03468      0.20683
     695      0.23241      1.14245      0.03493      0.20776
     696      0.23343      1.14417      0.03519      0.20870
     697      0.23445      1.14587      0.03544      0.20964
     698      0.23547      1.14755      0.03570      0.21059
     699      0.23649      1.14922      0.03596      0.21154
     700      0.23750      1.15088      0.03621      0.21250
     701      0.23852      1.15252      0.03647      0.21346
     702      0.23954      1.15414      0.03673      0.21443
     703      0.24056      1.15575      0.03699      0.21540
     704      0.24157      1.15734      0.03725      0.21638
     705      0.24259      1.15892      0.03752      0.21736
     706      0.24360      1.16049      0.03778      0.21835
     707      0.24462      1.16203      0.03805      0.21934
     708      0.24563      1.16357      0.03831      0.22034
     709      0.24665      1.16508      0.03858      0.22134
     710      0.24766      1.16659      0.03885      0.22235
     711      0.24868      1.16808      0.03911      0.22336
     712      0.24969      1.16955      0.03938      0.22438
     713      0.25070      1.17101      0.03965      0.22541
     714      0.25172      1.17245      0.03993      0.22643
     715      0.25273      1.17388      0.04020      0.22747
     716      0.25374      1.17530      0.04047      0.22851
     717      0.25475      1.17670      0.04075      0.22955
     718      0.25576      1.17808      0.04102      0.23060
     719      0.25678      1.17946      0.04130      0.23165
     720      0.25779      1.18082      0.04158      0.23271
     721      0.25880      1.18216      0.04186      0.23377
     722      0.25981      1.18349      0.04213      0.23484
     723      0.26082      1.18481      0.04242      0.23591
     724      0.26182      1.18612      0.04270      0.23699
     725      0.26283      1.18741      0.04298      0.23807
     726      0.26384      1.18870      0.04326      0.23915
     727      0.26485      1.18996      0.04355      0.24024
     728      0.26586      1.19122      0.04383      0.24134
     729      0.26687      1.19247      0.04412      0.24243
     730      0.26788      1.19370      0.04441      0.24354
     731      0.26889      1.19492      0.04470      0.24464
     732      0.26989      1.19613      0.04499      0.24575
     733      0.27090      1.19733      0.04528      0.24687
     734      0.27191      1.19852      0.04557      0.24798
     735      0.27292      1.19970      0.04587      0.24910
     736      0.27393      1.20087      0.04616      0.25023
     737      0.27494      1.20203      0.04646      0.25136
     738      0.27595      1.20318      0.04675      0.25249
     739      0.27696      1.20432      0.04705      0.25362
     740      0.27797      1.20545      0.04735      0.25476
     741      0.27898      1.20658      0.04765      0.25590
     742      0.27999      1.20769      0.04795      0.25705
     743      0.28100      1.20880      0.04825      0.25819
     744      0.28201      1.20990      0.04856      0.25934
     745      0.28302      1.21099      0.04886      0.26050
     746      0.28404      1.21208      0.04917      0.26165
     747      0.28505      1.21315      0.04948      0.26281
     748      0.28607      1.21423      0.04979      0.26397
     749      0.28708      1.21529      0.05010      0.26513
     750      0.28810      1.21635      0.05041      0.26629
     751      0.28912      1.21740      0.05072      0.26746
     752      0.29014      1.21845      0.05103      0.26863
     753      0.29116      1.21950      0.05135      0.26980
     754      0.29218      1.22054      0.05167      0.27097
     755      0.29320      1.22157      0.05198      0.27214
     756      0.29423      1.22260      0.05230      0.27331
     757      0.29525      1.22363      0.05263      0.27449
     758      0.29628      1.22466      0.05295      0.27566
     759      0.29731      1.22568      0.05327      0.27684
     760      0.29834      1.22670      0.05360      0.27802
     761      0.29937      1.22771      0.05392      0.27919
     762      0.30041      1.22872      0.05425      0.28037
     763      0.30144      1.22974      0.05458      0.28155
     764      0.30248      1.23075      0.05491      0.28273
     765      0.30352      1.23176      0.05525      0.28391
     766      0.30456      1.23276      0.05558      0.28509
     767      0.30561      1.23377      0.05592      0.28627
     768      0.30665      1.23478      0.05625      0.28745
     769      0.30770      1.23578      0.05659      0.28863
     770      0.30875      1.23679      0.05693      0.28981
     771      0.30981      1.23779      0.05727      0.29099
     772      0.31086      1.23880      0.05762      0.29216
     773      0.31192      1.23981      0.05796      0.29334
     774      0.31298      1.24082      0.05831      0.29452
     775      0.31404      1.24183      0.05866      0.29569
     776      0.31511      1.24284      0.05901      0.29687
     777      0.31618      1.24385      0.05936      0.29804
     778      0.31725      1.24487      0.05972      0.29921
     779      0.31833      1.24588      0.06007      0.30038
     780      0.31940      1.24690      0.06043      0.30155
     781      0.32048      1.24792      0.06079      0.30272
     782      0.32157      1.24894      0.06115      0.30389
     783      0.32265      1.24997      0.06152      0.30505
     784      0.32374      1.25100      0.06188      0.30621
     785      0.32484      1.25203      0.06225      0.30737
     786      0.32593      1.25307      0.06262      0.30853
     787      0.32703      1.25411      0.06299      0.30969
     788      0.32814      1.25515      0.06336      0.31084
     789      0.32924      1.25619      0.06374      0.31199
     790      0.33035      1.25724      0.06411      0.31314
     791      0.33147      1.25830      0.06449      0.31429
     792      0.33258      1.25935      0.06487      0.31544
     793      0.33370      1.26041      0.06525      0.31658
     794      0.33483      1.26148      0.06564      0.31772
     795      0.33595      1.26254      0.06603      0.31886
     796      0.33708      1.26362      0.06641      0.31999
     797      0.33822      1.26469      0.06680      0.32113
     798      0.33936      1.26577      0.06720      0.32226
     799      0.34050      1.26686      0.06759      0.32338
     800      0.34164      1.26795      0.06799      0.32451
     801      0.34279      1.26904      0.06839      0.32563
     802      0.34394      1.27014      0.06879      0.32675
     803      0.34510      1.27124      0.06919      0.32786
     804      0.34626      1.27234      0.06960      0.32898
     805      0.34742      1.27345      0.07000      0.33009
     806      0.34859      1.27457      0.07041      0.33120
     807      0.34976      1.27568      0.07082      0.33230
     808      0.35094      1.27680      0.07124      0.33340
     809      0.35211      1.27793      0.07165      0.33450
     810      0.35329      1.27906      0.07207      0.33560
     811      0.35448      1.28019      0.07249      0.33669
     812      0.35567      1.28132      0.07291      0.33778
     813      0.35686      1.28246      0.07334      0.33887
     814      0.35806      1.28360      0.07376      0.33996
     815      0.35926      1.28475      0.07419      0.34104
     816      0.36046      1.28590      0.07462      0.34212
     817      0.36167      1.28705      0.07506      0.34320
     818      0.36287      1.28820      0.07549      0.34427
     819      0.36409      1.28936      0.07593      0.34534
     820      0.36530      1.29051      0.07637      0.34641
     821      0.36652      1.29167      0.07681      0.34748
     822      0.36775      1.29284      0.07725      0.34855
     823      0.36897      1.29400      0.07770      0.34961
     824      0.37020      1.29517      0.07815      0.35067
     825      0.37143      1.29633      0.07860      0.35173
     826      0.37267      1.29750      0.07905      0.35278
     827      0.37391      1.29867      0.07950      0.35384
     828      0.37515      1.29984      0.07996      0.35489
     829      0.37639      1.30101      0.08042      0.35594
     830      0.37764      1.30218      0.08088      0.35699
     831      0.37889      1.30335      0.08134      0.35804
     832      0.38014      1.30452      0.08181      0.35908
     833      0.38140      1.30569      0.08227      0.36012
     834      0.38266      1.30686      0.08274      0.36117
     835      0.38391      1.30803      0.08322      0.36221
     836      0.38518      1.30919      0.08369      0.36325
     837      0.38644      1.31036      0.08416      0.36429
     838      0.38771      1.31152      0.08464      0.36532
     839      0.38898      1.31268      0.08512      0.36636
     840      0.39025      1.31384      0.08560      0.36740
     841      0.39152      1.31500      0.08608      0.36843
     842      0.39280      1.31615      0.08657      0.36947
     843      0.39407      1.31730      0.08706      0.37050
     844      0.39535      1.31845      0.08755      0.37153
     845      0.39663      1.31959      0.08804      0.37257
     846      0.39791      1.32073      0.08853      0.37360
     847      0.39919      1.32186      0.08903      0.37463
     848      0.40048      1.32299      0.08952      0.37567
     849      0.40176      1.32411      0.09002      0.37670
     850      0.40305      1.32523      0.09052      0.37774
     851      0.40434      1.32635      0.09102      0.37877
     852      0.40562      1.32745      0.09153      0.37981
     853      0.40691      1.32855      0.09203      0.38084
     854      0.40820      1.32965      0.09254      0.38188
     855      0.40949      1.33074      0.09305      0.38292
     856      0.41078      1.33182      0.09356      0.38396
     857      0.41207      1.33289      0.09408      0.38500
     858      0.41337      1.33396      0.09459      0.38604
     859      0.41466      1.33502      0.09511      0.38709
     860      0.41595      1.33607      0.09563      0.38813
     861      0.41724      1.33711      0.09614      0.38918
     862      0.41853      1.33815      0.09667      0.39023
     863      0.41983      1.33917      0.09719      0.39128
     864      0.42112      1.34019      0.09771      0.39234
     865      0.42241      1.34119      0.09824      0.39339
     866      0.42370      1.34219      0.09877      0.39445
     867      0.42499      1.34318      0.09930      0.39552
     868      0.42628      1.34415      0.09983      0.39658
     869      0.42757      1.34512      0.10036      0.39765
     870      0.42886      1.34607      0.10089      0.39872
     871      0.43014      1.34702      0.10143      0.39979
     872      0.43143      1.34795      0.10196      0.40087
     873      0.43271      1.34887      0.10250      0.40195
     874      0.43400      1.34978      0.10304      0.40303
     875      0.43528      1.35068      0.10358      0.40412
     876      0.43656      1.35157      0.10412      0.40521
     877      0.43784      1.35245      0.10467      0.40630
     878      0.43912      1.35331      0.10521      0.40740
     879      0.44039      1.35416      0.10576      0.40850
     880      0.44167      1.35500      0.10630      0.40960
     881      0.44294      1.35582      0.10685      0.41071
     882      0.44421      1.35664      0.10740      0.41183
     883      0.44548      1.35744      0.10795      0.41295
     884      0.44675      1.35822      0.10850      0.41407
     885      0.44801      1.35899      0.10906      0.41520
     886      0.44928      1.35975      0.10961      0.41633
     887      0.45054      1.36050      0.11017      0.41746
     888      0.45180      1.36123      0.11072      0.41860
     889      0.45305      1.36195      0.11128      0.41975
     890      0.45431      1.36266      0.11184      0.42090
     891      0.45556      1.36335      0.11240      0.42205
     892      0.45681      1.36403      0.11296      0.42321
     893      0.45805      1.36469      0.11352      0.42438
     894      0.45930      1.36534      0.11408      0.42554
     895      0.46054      1.36597      0.11465      0.42672
     896      0.46178      1.36660      0.11521      0.42790
     897      0.46301      1.36720      0.11578      0.42908
     898      0.46424      1.36780      0.11635      0.43027
     899      0.46547      1.36837      0.11691      0.43146
     900      0.46670      1.36894      0.11748      0.43266
     901      0.46793      1.36949      0.11805      0.43387
     902      0.46915      1.37003      0.11862      0.43508
     903      0.47037      1.37055      0.11919      0.43629
     904      0.47158      1.37106      0.11977      0.43751
     905      0.47280      1.37155      0.12034      0.43873
     906      0.47401      1.37204      0.12091      0.43996
     907      0.47522      1.37250      0.12149      0.44120
     908      0.47642      1.37296      0.12206      0.44244
     909      0.47762      1.37340      0.12264      0.44368
     910      0.47882      1.37382      0.12322      0.44493
     911      0.48002      1.37424      0.12380      0.44618
     912      0.48121      1.37464      0.12438      0.44744
     913      0.48240      1.37502      0.12496      0.44870
     914      0.48359      1.37540      0.12554      0.44997
     915      0.48477      1.37576      0.12612      0.45124
     916      0.48596      1.37610      0.12671      0.45252
     917      0.48713      1.37644      0.12729      0.45380
     918      0.48831      1.37676      0.12788      0.45509
     919      0.48948      1.37707      0.12846      0.45638
     920      0.49065      1.37737      0.12905      0.45767
     921      0.49182      1.37766      0.12964      0.45897
     922      0.49299      1.37793      0.13023      0.46028
     923      0.49415      1.37819      0.13082      0.46158
     924      0.49531      1.37845      0.13141      0.46289
     925      0.49647      1.37869      0.13200      0.46421
     926      0.49763      1.37891      0.13259      0.46553
     927      0.49878      1.37913      0.13319      0.46685
     928      0.49993      1.37934      0.13378      0.46817
     929      0.50108      1.37954      0.13438      0.46950
     930      0.50223      1.37973      0.13497      0.47083
     931      0.50337      1.37990      0.13557      0.47217
     932      0.50451      1.38007      0.13617      0.47351
     933      0.50565      1.38023      0.13677      0.47485
     934      0.50679      1.38038      0.13737      0.47619
     935      0.50793      1.38052      0.13797      0.47754
     936      0.50906      1.38065      0.13858      0.47889
     937      0.51019      1.38078      0.13918      0.48024
     938      0.51133      1.38089      0.13979      0.48159
     939      0.51245      1.38100      0.14039      0.48295
     940      0.51358      1.38110      0.14100      0.48430
     941      0.51471      1.38119      0.14161      0.48566
     942      0.51584      1.38128      0.14222      0.48702
     943      0.51696      1.38136      0.14284      0.48839
     944      0.51808      1.38143      0.14345      0.48975
     945      0.51920      1.38150      0.14406      0.49111
     946      0.52033      1.38156      0.14468      0.49248
     947      0.52145      1.38161      0.14530      0.49384
     948      0.52256      1.38166      0.14592      0.49521
     949      0.52368      1.38171      0.14654      0.49658
     950      0.52480      1.38174      0.14716      0.49794
     951      0.52592      1.38178      0.14778      0.49931
     952      0.52704      1.38181      0.14841      0.50068
     953      0.52815      1.38184      0.14903      0.50205
     954      0.52927      1.38186      0.14966      0.50341
     955      0.53039      1.38188      0.15029      0.50478
     956      0.53150      1.38189      0.15092      0.50615
     957      0.53262      1.38191      0.15155      0.50751
     958      0.53373      1.38192      0.15219      0.50887
     959      0.53485      1.38193      0.15283      0.51024
     960      0.53597      1.38193      0.15346      0.51160
     961      0.53709      1.38193      0.15410      0.51296
     962      0.53820      1.38194      0.15475      0.51432
     963      0.53932      1.38194      0.15539      0.51567
     964      0.54044      1.38194      0.15603      0.51703
     965      0.54156      1.38194      0.15668      0.51838
     966      0.54268      1.38193      0.15733      0.51973
     967      0.54380      1.38193      0.15798      0.52108
     968      0.54493      1.38193      0.15863      0.52242
     969      0.54605      1.38193      0.15929      0.52376
     970      0.54718      1.38192      0.15995      0.52510
     971      0.54830      1.38192      0.16061      0.52644
     972      0.54943      1.38192      0.16127      0.52777
     973      0.55056      1.38192      0.16193      0.52910
     974      0.55169      1.38192      0.16260      0.53043
     975      0.55283      1.38192      0.16327      0.53175
     976      0.55396      1.38192      0.16394      0.53307
     977      0.55510      1.38193      0.16461      0.53439
     978      0.55624      1.38193      0.16528      0.53570
     979      0.55738      1.38194      0.16596      0.53701
     980      0.55852      1.38195      0.16664      0.53831
     981      0.55966      1.38196      0.16732      0.53961
     982      0.56081      1.38198      0.16800      0.54090
     983      0.56196      1.38199      0.16869      0.54219
     984      0.56311      1.38201      0.16938      0.54348
     985      0.56426      1.38204      0.17007      0.54476
     986      0.56542      1.38206      0.17076      0.54604
     987      0.56657      1.38209      0.17146      0.54731
     988      0.56773      1.38212      0.17216      0.54857
     989      0.56890      1.38215      0.17286      0.54983
     990      0.57006      1.38219      0.17356      0.55109
     991      0.57123      1.38223      0.17427      0.55234
     992      0.57240      1.38228      0.17498      0.55359
     993      0.57357      1.38232      0.17569      0.55483
     994      0.57475      1.38237      0.17641      0.55606
     995      0.57593      1.38243      0.17712      0.55729
     996      0.57711      1.38248      0.17784      0.55852
     997      0.57829      1.38255      0.17856      0.55974
     998      0.57948      1.38261      0.17929      0.56095
     999      0.58067      1.38268      0.18002      0.56216
    1000      0.58186      1.38275      0.18075      0.56336
    1001      0.58305      1.38283      0.18148      0.56456
    1002      0.58425      1.38290      0.18221      0.56575
    1003      0.58545      1.38299      0.18295      0.56693
    1004      0.58666      1.38307      0.18369      0.56811
    1005      0.58786      1.38316      0.18444      0.56929
    1006      0.58907      1.38325      0.18518      0.57045
    1007      0.59028      1.38335      0.18593      0.57162
    1008      0.59150      1.38345      0.18669      0.57278
    1009      0.59271      1.38355      0.18744      0.57393
    1010      0.59393      1.38366      0.18820      0.57507
    1011      0.59515      1.38377      0.18896      0.57622
    1012      0.59638      1.38388      0.18972      0.57735
    1013      0.59761      1.38399      0.19049      0.57848
    1014      0.59884      1.38411      0.19125      0.57961
    1015      0.60007      1.38423      0.19203      0.58073
    1016      0.60130      1.38435      0.19280      0.58184
    1017      0.60254      1.38447      0.19358      0.58295
    1018      0.60378      1.38460      0.19436      0.58405
    1019      0.60502      1.38473      0.19514      0.58515
    1020      0.60627      1.38486      0.19592      0.58625
    1021      0.60751      1.38499      0.19671      0.58734
    1022      0.60876      1.38513      0.19750      0.58842
    1023      0.61001      1.38526      0.19829      0.58950
    1024      0.61127      1.38540      0.19909      0.59058
    1025      0.61252      1.38554      0.19988      0.59165
    1026      0.61378      1.38568      0.20068      0.59271
    1027      0.61503      1.38582      0.20149      0.59378
    1028      0.61629      1.38596      0.20229      0.59483
    1029      0.61756      1.38610      0.20310      0.59589
    1030      0.61882      1.38624      0.20391      0.59694
    1031      0.62008      1.38639      0.20472      0.59798
    1032      0.62135      1.38653      0.20554      0.59903
    1033      0.62262      1.38667      0.20636      0.60007
    1034      0.62388      1.38681      0.20718      0.60110
    1035      0.62515      1.38695      0.20800      0.60213
    1036      0.62642      1.38709      0.20882      0.60316
    1037      0.62769      1.38722      0.20965      0.60419
    1038      0.62896      1.38736      0.21048      0.60521
    1039      0.63024      1.38749      0.21131      0.60623
    1040      0.63151      1.38763      0.21214      0.60725
    1041      0.63278      1.38776      0.21298      0.60827
    1042      0.63406      1.38789      0.21382      0.60928
    1043      0.63533      1.38801      0.21466      0.61029
    1044      0.63660      1.38813      0.21550      0.61130
    1045      0.63788      1.38825      0.21635      0.61231
    1046      0.63915      1.38837      0.21719      0.61331
    1047      0.64043      1.38848      0.21804      0.61432
    1048      0.64170      1.38859      0.21889      0.61532
    1049      0.64297      1.38870      0.21974      0.61632
    1050      0.64424      1.38880      0.22060      0.61732
    1051      0.64552      1.38889      0.22145      0.61832
    1052      0.64679      1.38899      0.22231      0.61932
    1053      0.64806      1.38907      0.22317      0.62032
    1054      0.64932      1.38916      0.22403      0.62132
    1055      0.65059      1.38923      0.22489      0.62231
    1056      0.65186      1.38930      0.22576      0.62331
    1057      0.65312      1.38937      0.22662      0.62431
    1058      0.65439      1.38943      0.22749      0.62531
    1059      0.65565      1.38948      0.22836      0.62631
    1060      0.65691      1.38953      0.22923      0.62731
    1061      0.65817      1.38957      0.23010      0.62831
    1062      0.65942      1.38960      0.23097      0.62931
    1063      0.66068      1.38963      0.23185      0.63031
    1064      0.66193      1.38965      0.23272      0.63131
    1065      0.66318      1.38966      0.23360      0.63232
    1066      0.66442      1.38967      0.23448      0.63333
    1067      0.66567      1.38966      0.23536      0.63433
    1068      0.66691      1.38965      0.23624      0.63534
    1069      0.66815      1.38963      0.23712      0.63635
    1070      0.66938      1.38960      0.23800      0.63737
    1071      0.67062      1.38957      0.23889      0.63838
    1072      0.67185      1.38952      0.23977      0.63940
    1073      0.67307      1.38947      0.24066      0.64042
    1074      0.67430      1.38940      0.24154      0.64145
    1075      0.67552      1.38933      0.24243      0.64247
    1076      0.67673      1.38925      0.24332      0.64350
    1077      0.67795      1.38916      0.24421      0.64453
    1078      0.67916      1.38906      0.24509      0.64557
    1079      0.68036      1.38895      0.24598      0.64661
    1080      0.68156      1.38883      0.24688      0.64765
    1081      0.68276      1.38870      0.24777      0.64869
    1082      0.68396      1.38856      0.24866      0.64974
    1083      0.68515      1.38841      0.24955      0.65079
    1084      0.68633      1.38825      0.25044      0.65185
    1085      0.68751      1.38808      0.25134      0.65291
    1086      0.68869      1.38790      0.25223      0.65397
    1087      0.68986      1.38771      0.25313      0.65504
    1088      0.69103      1.38751      0.25402      0.65611
    1089      0.69220      1.38730      0.25492      0.65719
    1090      0.69336      1.38708      0.25581      0.65827
    1091      0.69451      1.38685      0.25671      0.65935
    1092      0.69566      1.38660      0.25760      0.66044
    1093      0.69681      1.38635      0.25850      0.66153
    1094      0.69795      1.38608      0.25939      0.66263
    1095      0.69909      1.38581      0.26029      0.66373
    1096      0.70022      1.38552      0.26119      0.66483
    1097      0.70134      1.38523      0.26209      0.66594
    1098      0.70247      1.38492      0.26298      0.66705
    1099      0.70358      1.38460      0.26388      0.66817
    1100      0.70470      1.38427      0.26478      0.66929
    1101      0.70580      1.38393      0.26568      0.67042
    1102      0.70691      1.38358      0.26657      0.67155
    1103      0.70800      1.38322      0.26747      0.67269
    1104      0.70910      1.38285      0.26837      0.67383
    1105      0.71018      1.38247      0.26927      0.67497
    1106      0.71127      1.38208      0.27016      0.67612
    1107      0.71235      1.38167      0.27106      0.67727
    1108      0.71342      1.38126      0.27196      0.67843
    1109      0.71449      1.38084      0.27286      0.67959
    1110      0.71555      1.38040      0.27376      0.68075
    1111      0.71661      1.37996      0.27466      0.68192
    1112      0.71766      1.37951      0.27555      0.68310
    1113      0.71871      1.37904      0.27645      0.68427
    1114      0.71976      1.37857      0.27735      0.68546
    1115      0.72080      1.37809      0.27825      0.68664
    1116      0.72183      1.37760      0.27915      0.68783
    1117      0.72286      1.37710      0.28005      0.68902
    1118      0.72389      1.37659      0.28095      0.69022
    1119      0.72491      1.37607      0.28184      0.69142
    1120      0.72592      1.37554      0.28274      0.69262
    1121      0.72694      1.37500      0.28364      0.69382
    1122      0.72794      1.37446      0.28454      0.69503
    1123      0.72895      1.37390      0.28544      0.69625
    1124      0.72994      1.37334      0.28634      0.69746
    1125      0.73094      1.37277      0.28724      0.69868
    1126      0.73193      1.37219      0.28814      0.69990
    1127      0.73292      1.37161      0.28904      0.70112
    1128      0.73390      1.37102      0.28994      0.70235
    1129      0.73488      1.37042      0.29084      0.70357
    1130      0.73585      1.36981      0.29174      0.70480
    1131      0.73682      1.36919      0.29264      0.70604
    1132      0.73779      1.36857      0.29355      0.70727
    1133      0.73875      1.36794      0.29445      0.70850
    1134      0.73972      1.36731      0.29535      0.70974
    1135      0.74067      1.36667      0.29625      0.71098
    1136      0.74163      1.36602      0.29716      0.71222
    1137      0.74258      1.36537      0.29806      0.71346
    1138      0.74352      1.36471      0.29897      0.71470
    1139      0.74447      1.36405      0.29987      0.71594
    1140      0.74541      1.36338      0.30078      0.71718
    1141      0.74635      1.36271      0.30168      0.71843
    1142      0.74728      1.36203      0.30259      0.71967
    1143      0.74822      1.36135      0.30350      0.72091
    1144      0.74915      1.36066      0.30441      0.72215
    1145      0.75007      1.35997      0.30531      0.72340
    1146      0.75100      1.35928      0.30622      0.72464
    1147      0.75192      1.35858      0.30714      0.72588
    1148      0.75285      1.35788      0.30805      0.72712
    1149      0.75377      1.35717      0.30896      0.72836
    1150      0.75468      1.35646      0.30987      0.72960
    1151      0.75560      1.35575      0.31079      0.73083
    1152      0.75651      1.35504      0.31171      0.73207
    1153      0.75743      1.35433      0.31262      0.73330
    1154      0.75834      1.35361      0.31354      0.73453
    1155      0.75925      1.35289      0.31446      0.73576
    1156      0.76016      1.35217      0.31538      0.73699
    1157      0.76107      1.35145      0.31630      0.73821
    1158      0.76197      1.35072      0.31723      0.73943
    1159      0.76288      1.35000      0.31815      0.74065
    1160      0.76379      1.34928      0.31908      0.74186
    1161      0.76469      1.34855      0.32001      0.74308
    1162      0.76559      1.34782      0.32094      0.74428
    1163      0.76650      1.34710      0.32187      0.74549
    1164      0.76740      1.34637      0.32280      0.74669
    1165      0.76831      1.34565      0.32374      0.74789
    1166      0.76921      1.34492      0.32467      0.74908
    1167      0.77011      1.34419      0.32561      0.75027
    1168      0.77102      1.34347      0.32655      0.75145
    1169      0.77192      1.34275      0.32749      0.75263
    1170      0.77282      1.34202      0.32844      0.75381
    1171      0.77373      1.34130      0.32938      0.75498
    1172      0.77463      1.34058      0.33033      0.75614
    1173      0.77554      1.33986      0.33128      0.75730
    1174      0.77644      1.33914      0.33223      0.75846
    1175      0.77735      1.33843      0.33318      0.75961
    1176      0.77826      1.33772      0.33414      0.76075
    1177      0.77917      1.33700      0.33510      0.76189
    1178      0.78007      1.33630      0.33606      0.76302
    1179      0.78098      1.33559      0.33702      0.76415
    1180      0.78190      1.33488      0.33799      0.76527
    1181      0.78281      1.33418      0.33895      0.76638
    1182      0.78372      1.33348      0.33992      0.76749
    1183      0.78464      1.33279      0.34090      0.76859
    1184      0.78556      1.33209      0.34187      0.76968
    1185      0.78647      1.33140      0.34285      0.77077
    1186      0.78739      1.33071      0.34383      0.77185
    1187      0.78832      1.33003      0.34481      0.77293
    1188      0.78924      1.32935      0.34579      0.77400
    1189      0.79016      1.32867      0.34678      0.77506
    1190      0.79109      1.32799      0.34777      0.77611
    1191      0.79202      1.32732      0.34876      0.77716
    1192      0.79295      1.32665      0.34976      0.77820
    1193      0.79388      1.32599      0.35076      0.77923
    1194      0.79481      1.32533      0.35176      0.78026
    1195      0.79575      1.32467      0.35276      0.78127
    1196      0.79668      1.32401      0.35377      0.78228
    1197      0.79762      1.32336      0.35477      0.78329
    1198      0.79857      1.32271      0.35579      0.78428
    1199      0.79951      1.32207      0.35680      0.78527
    1200      0.80045      1.32143      0.35782      0.78625
    1201      0.80140      1.32079      0.35884      0.78723
    1202      0.80235      1.32016      0.35986      0.78820
    1203      0.80330      1.31953      0.36088      0.78915
    1204      0.80425      1.31890      0.36191      0.79011
    1205      0.80521      1.31828      0.36294      0.79105
    1206      0.80616      1.31766      0.36398      0.79199
    1207      0.80712      1.31704      0.36501      0.79292
    1208      0.80808      1.31643      0.36605      0.79384
    1209      0.80904      1.31582      0.36709      0.79476
    1210      0.81001      1.31521      0.36814      0.79567
    1211      0.81097      1.31461      0.36919      0.79657
    1212      0.81194      1.31401      0.37024      0.79746
    1213      0.81291      1.31341      0.37129      0.79835
    1214      0.81388      1.31281      0.37234      0.79923
    1215      0.81485      1.31222      0.37340      0.80010
    1216      0.81583      1.31163      0.37446      0.80097
    1217      0.81680      1.31104      0.37553      0.80183
    1218      0.81778      1.31046      0.37659      0.80268
    1219      0.81876      1.30988      0.37766      0.80353
    1220      0.81974      1.30930      0.37873      0.80437
    1221      0.82072      1.30872      0.37981      0.80521
    1222      0.82170      1.30814      0.38088      0.80603
    1223      0.82268      1.30757      0.38196      0.80686
    1224      0.82367      1.30700      0.38304      0.80767
    1225      0.82465      1.30642      0.38413      0.80848
    1226      0.82564      1.30586      0.38522      0.80929
    1227      0.82663      1.30529      0.38630      0.81009
    1228      0.82761      1.30472      0.38739      0.81088
    1229      0.82860      1.30416      0.38849      0.81167
    1230      0.82959      1.30359      0.38958      0.81245
    1231      0.83058      1.30303      0.39068      0.81323
    1232      0.83157      1.30246      0.39178      0.81400
    1233      0.83256      1.30190      0.39288      0.81477
    1234      0.83355      1.30134      0.39399      0.81553
    1235      0.83454      1.30078      0.39509      0.81629
    1236      0.83553      1.30021      0.39620      0.81704
    1237      0.83652      1.29965      0.39731      0.81779
    1238      0.83750      1.29909      0.39842      0.81854
    1239      0.83849      1.29852      0.39954      0.81928
    1240      0.83948      1.29796      0.40065      0.82002
    1241      0.84047      1.29739      0.40177      0.82076
    1242      0.84145      1.29683      0.40289      0.82149
    1243      0.84244      1.29626      0.40401      0.82222
    1244      0.84342      1.29569      0.40513      0.82294
    1245      0.84441      1.29512      0.40626      0.82367
    1246      0.84539      1.29455      0.40738      0.82439
    1247      0.84637      1.29397      0.40851      0.82510
    1248      0.84735      1.29340      0.40964      0.82582
    1249      0.84833      1.29282      0.41077      0.82653
    1250      0.84930      1.29224      0.41190      0.82724
    1251      0.85028      1.29165      0.41303      0.82795
    1252      0.85125      1.29107      0.41416      0.82866
    1253      0.85222      1.29048      0.41529      0.82937
    1254      0.85319      1.28989      0.41643      0.83007
    1255      0.85415      1.28929      0.41756      0.83078
    1256      0.85512      1.28869      0.41870      0.83148
    1257      0.85608      1.28809      0.41984      0.83219
    1258      0.85704      1.28748      0.42098      0.83289
    1259      0.85799      1.28687      0.42211      0.83359
    1260      0.85894      1.28626      0.42325      0.83429
    1261      0.85989      1.28564      0.42439      0.83499
    1262      0.86084      1.28502      0.42553      0.83569
    1263      0.86178      1.28439      0.42667      0.83640
    1264      0.86272      1.28376      0.42781      0.83710
    1265      0.86366      1.28312      0.42895      0.83780
    1266      0.86459      1.28248      0.43009      0.83851
    1267      0.86552      1.28183      0.43124      0.83921
    1268      0.86644      1.28118      0.43238      0.83992
    1269      0.86736      1.28052      0.43352      0.84063
    1270      0.86828      1.27986      0.43466      0.84133
    1271      0.86919      1.27919      0.43580      0.84204
    1272      0.87010      1.27851      0.43694      0.84276
    1273      0.87100      1.27783      0.43808      0.84347
    1274      0.87190      1.27715      0.43922      0.84419
    1275      0.87280      1.27646      0.44036      0.84490
    1276      0.87369      1.27576      0.44150      0.84562
    1277      0.87457      1.27505      0.44264      0.84635
    1278      0.87545      1.27434      0.44378      0.84707
    1279      0.87633      1.27362      0.44492      0.84780
    1280      0.87720      1.27290      0.44606      0.84853
    1281      0.87807      1.27217      0.44720      0.84926
    1282      0.87893      1.27143      0.44833      0.85000
    1283      0.87978      1.27069      0.44947      0.85073
    1284      0.88063      1.26994      0.45060      0.85148
    1285      0.88148      1.26918      0.45174      0.85222
    1286      0.88232      1.26842      0.45287      0.85297
    1287      0.88315      1.26765      0.45400      0.85372
    1288      0.88398      1.26687      0.45513      0.85447
    1289      0.88480      1.26608      0.45626      0.85523
    1290      0.88562      1.26529      0.45739      0.85599
    1291      0.88643      1.26449      0.45852      0.85676
    1292      0.88724      1.26368      0.45965      0.85753
    1293      0.88804      1.26287      0.46078      0.85830
    1294      0.88884      1.26205      0.46190      0.85907
    1295      0.88963      1.26122      0.46302      0.85985
    1296      0.89041      1.26039      0.46415      0.86063
    1297      0.89119      1.25954      0.46527      0.86142
    1298      0.89196      1.25869      0.46639      0.86221
    1299      0.89273      1.25784      0.46751      0.86300
    1300      0.89349      1.25698      0.46863      0.86380
    1301      0.89424      1.25610      0.46974      0.86460
    1302      0.89499      1.25523      0.47086      0.86541
    1303      0.89573      1.25434      0.47197      0.86622
    1304      0.89647      1.25345      0.47308      0.86703
    1305      0.89720      1.25255      0.47419      0.86784
    1306      0.89792      1.25165      0.47530      0.86866
    1307      0.89864      1.25074      0.47641      0.86949
    1308      0.89936      1.24982      0.47752      0.87031
    1309      0.90006      1.24889      0.47862      0.87114
    1310      0.90077      1.24796      0.47973      0.87198
    1311      0.90146      1.24702      0.48083      0.87281
    1312      0.90215      1.24608      0.48193      0.87365
    1313      0.90284      1.24512      0.48303      0.87450
    1314      0.90352      1.24417      0.48413      0.87534
    1315      0.90419      1.24320      0.48523      0.87619
    1316      0.90486      1.24223      0.48633      0.87705
    1317      0.90552      1.24126      0.48742      0.87790
    1318      0.90618      1.24028      0.48852      0.87876
    1319      0.90683      1.23929      0.48961      0.87962
    1320      0.90748      1.23830      0.49070      0.88048
    1321      0.90812      1.23730      0.49179      0.88135
    1322      0.90876      1.23629      0.49288      0.88222
    1323      0.90939      1.23528      0.49397      0.88309
    1324      0.91001      1.23427      0.49505      0.88396
    1325      0.91064      1.23325      0.49614      0.88483
    1326      0.91125      1.23223      0.49722      0.88571
    1327      0.91186      1.23120      0.49831      0.88659
    1328      0.91247      1.23016      0.49939      0.88747
    1329      0.91307      1.22913      0.50047      0.88835
    1330      0.91367      1.22808      0.50155      0.88923
    1331      0.91426      1.22704      0.50263      0.89011
    1332      0.91485      1.22599      0.50371      0.89100
    1333      0.91544      1.22493      0.50479      0.89188
    1334      0.91602      1.22387      0.50586      0.89277
    1335      0.91660      1.22281      0.50694      0.89366
    1336      0.91717      1.22175      0.50802      0.89454
    1337      0.91774      1.22068      0.50909      0.89543
    1338      0.91830      1.21961      0.51017      0.89632
    1339      0.91887      1.21853      0.51124      0.89720
    1340      0.91942      1.21745      0.51232      0.89809
    1341      0.91998      1.21637      0.51339      0.89898
    1342      0.92053      1.21529      0.51446      0.89986
    1343      0.92108      1.21421      0.51553      0.90075
    1344      0.92162      1.21312      0.51661      0.90163
    1345      0.92217      1.21203      0.51768      0.90251
    1346      0.92271      1.21094      0.51875      0.90339
    1347      0.92324      1.20985      0.51982      0.90427
    1348      0.92378      1.20875      0.52090      0.90515
    1349      0.92431      1.20766      0.52197      0.90602
    1350      0.92484      1.20656      0.52304      0.90690
    1351      0.92537      1.20546      0.52411      0.90777
    1352      0.92589      1.20437      0.52519      0.90864
    1353      0.92641      1.20327      0.52626      0.90950
    1354      0.92694      1.20217      0.52733      0.91037
    1355      0.92745      1.20107      0.52841      0.91123
    1356      0.92797      1.19997      0.52948      0.91208
    1357      0.92849      1.19887      0.53056      0.91294
    1358      0.92900      1.19777      0.53163      0.91379
    1359      0.92952      1.19667      0.53271      0.91463
    1360      0.93003      1.19557      0.53379      0.91547
    1361      0.93054      1.19447      0.53486      0.91631
    1362      0.93105      1.19337      0.53594      0.91715
    1363      0.93156      1.19227      0.53702      0.91798
    1364      0.93207      1.19118      0.53810      0.91880
    1365      0.93257      1.19008      0.53918      0.91962
    1366      0.93308      1.18899      0.54027      0.92044
    1367      0.93359      1.18789      0.54135      0.92125
    1368      0.93409      1.18680      0.54244      0.92205
    1369      0.93460      1.18571      0.54352      0.92285
    1370      0.93511      1.18462      0.54461      0.92365
    1371      0.93561      1.18354      0.54570      0.92444
    1372      0.93612      1.18245      0.54679      0.92522
    1373      0.93662      1.18137      0.54788      0.92599
    1374      0.93713      1.18029      0.54898      0.92677
    1375      0.93764      1.17921      0.55007      0.92753
    1376      0.93814      1.17814      0.55117      0.92829
    1377      0.93865      1.17706      0.55227      0.92904
    1378      0.93916      1.17599      0.55337      0.92979
    1379      0.93967      1.17492      0.55447      0.93053
    1380      0.94018      1.17386      0.55557      0.93126
    1381      0.94069      1.17280      0.55668      0.93198
    1382      0.94120      1.17174      0.55779      0.93270
    1383      0.94171      1.17068      0.55890      0.93341
    1384      0.94222      1.16963      0.56001      0.93412
    1385      0.94273      1.16857      0.56112      0.93481
    1386      0.94325      1.16753      0.56224      0.93550
    1387      0.94376      1.16648      0.56336      0.93619
    1388      0.94428      1.16544      0.56448      0.93686
    1389      0.94480      1.16440      0.56560      0.93753
    1390      0.94532      1.16337      0.56673      0.93819
    1391      0.94584      1.16234      0.56785      0.93884
    1392      0.94636      1.16131      0.56898      0.93949
    1393      0.94688      1.16029      0.57011      0.94012
    1394      0.94741      1.15926      0.57125      0.94075
    1395      0.94793      1.15825      0.57238      0.94137
    1396      0.94846      1.15723      0.57352      0.94199
    1397      0.94899      1.15622      0.57466      0.94259
    1398      0.94952      1.15521      0.57581      0.94319
    1399      0.95005      1.15421      0.57695      0.94378
    1400      0.95058      1.15321      0.57810      0.94436
    1401      0.95112      1.15221      0.57925      0.94494
    1402      0.95166      1.15122      0.58040      0.94550
    1403      0.95219      1.15023      0.58156      0.94606
    1404      0.95273      1.14924      0.58272      0.94661
    1405      0.95327      1.14826      0.58388      0.94716
    1406      0.95381      1.14728      0.58504      0.94769
    1407      0.95436      1.14630      0.58620      0.94822
    1408      0.95490      1.14533      0.58737      0.94874
    1409      0.95545      1.14436      0.58854      0.94926
    1410      0.95599      1.14339      0.58971      0.94976
    1411      0.95654      1.14243      0.59089      0.95026
    1412      0.95709      1.14147      0.59206      0.95075
    1413      0.95764      1.14051      0.59324      0.95123
    1414      0.95819      1.13955      0.59442      0.95171
    1415      0.95875      1.13860      0.59561      0.95218
    1416      0.95930      1.13765      0.59679      0.95264
    1417      0.95986      1.13671      0.59798      0.95309
    1418      0.96041      1.13576      0.59917      0.95354
    1419      0.96097      1.13482      0.60036      0.95398
    1420      0.96153      1.13388      0.60156      0.95442
    1421      0.96209      1.13294      0.60275      0.95484
    1422      0.96264      1.13201      0.60395      0.95526
    1423      0.96320      1.13108      0.60515      0.95568
    1424      0.96376      1.13015      0.60635      0.95609
    1425      0.96433      1.12922      0.60756      0.95649
    1426      0.96489      1.12829      0.60876      0.95689
    1427      0.96545      1.12737      0.60997      0.95728
    1428      0.96601      1.12645      0.61118      0.95766
    1429      0.96657      1.12553      0.61239      0.95804
    1430      0.96713      1.12461      0.61360      0.95841
    1431      0.96769      1.12369      0.61482      0.95878
    1432      0.96826      1.12277      0.61603      0.95915
    1433      0.96882      1.12186      0.61725      0.95950
    1434      0.96938      1.12094      0.61847      0.95986
    1435      0.96994      1.12003      0.61969      0.96021
    1436      0.97050      1.11912      0.62091      0.96055
    1437      0.97106      1.11820      0.62213      0.96089
    1438      0.97162      1.11729      0.62336      0.96122
    1439      0.97217      1.11638      0.62458      0.96156
    1440      0.97273      1.11547      0.62580      0.96188
    1441      0.97329      1.11456      0.62703      0.96221
    1442      0.97384      1.11365      0.62826      0.96253
    1443      0.97439      1.11274      0.62949      0.96284
    1444      0.97494      1.11183      0.63071      0.96316
    1445      0.97549      1.11092      0.63194      0.96347
    1446      0.97604      1.11001      0.63317      0.96378
    1447      0.97659      1.10909      0.63440      0.96408
    1448      0.97713      1.10818      0.63563      0.96438
    1449      0.97768      1.10727      0.63686      0.96468
    1450      0.97822      1.10635      0.63809      0.96498
    1451      0.97875      1.10544      0.63932      0.96528
    1452      0.97929      1.10452      0.64056      0.96557
    1453      0.97982      1.10360      0.64179      0.96586
    1454      0.98036      1.10269      0.64302      0.96615
    1455      0.98088      1.10176      0.64425      0.96644
    1456      0.98141      1.10084      0.64548      0.96673
    1457      0.98193      1.09992      0.64671      0.96702
    1458      0.98245      1.09899      0.64794      0.96731
    1459      0.98297      1.09806      0.64917      0.96759
    1460      0.98348      1.09713      0.65039      0.96788
    1461      0.98399      1.09620      0.65162      0.96816
    1462      0.98450      1.09527      0.65285      0.96845
    1463      0.98500      1.09433      0.65408      0.96873
    1464      0.98550      1.09339      0.65530      0.96902
    1465      0.98600      1.09245      0.65653      0.96931
    1466      0.98649      1.09150      0.65775      0.96959
    1467      0.98698      1.09056      0.65897      0.96988
    1468      0.98746      1.08961      0.66019      0.97017
    1469      0.98794      1.08865      0.66141      0.97046
    1470      0.98841      1.08770      0.66263      0.97074
    1471      0.98888      1.08674      0.66385      0.97104
    1472      0.98935      1.08577      0.66506      0.97133
    1473      0.98981      1.08481      0.66628      0.97162
    1474      0.99027      1.08384      0.66749      0.97192
    1475      0.99072      1.08286      0.66870      0.97221
    1476      0.99117      1.08189      0.66991      0.97251
    1477      0.99161      1.08091      0.67111      0.97281
    1478      0.99205      1.07992      0.67232      0.97312
    1479      0.99249      1.07893      0.67352      0.97342
    1480      0.99291      1.07794      0.67472      0.97373
    1481      0.99334      1.07695      0.67592      0.97404
    1482      0.99376      1.07595      0.67712      0.97435
    1483      0.99417      1.07494      0.67831      0.97466
    1484      0.99458      1.07394      0.67950      0.97498
    1485      0.99498      1.07293      0.68069      0.97530
    1486      0.99537      1.07191      0.68188      0.97562
    1487      0.99577      1.07089      0.68307      0.97595
    1488      0.99615      1.06987      0.68425      0.97627
    1489      0.99653      1.06884      0.68543      0.97661
    1490      0.99691      1.06781      0.68661      0.97694
    1491      0.99728      1.06677      0.68778      0.97728
    1492      0.99764      1.06573      0.68895      0.97762
    1493      0.99800      1.06469      0.69012      0.97796
    1494      0.99835      1.06364      0.69129      0.97831
    1495      0.99869      1.06258      0.69246      0.97866
    1496      0.99904      1.06153      0.69362      0.97901
    1497      0.99937      1.06047      0.69478      0.97936
    1498      0.99970      1.05940      0.69593      0.97972
    1499      1.00002      1.05833      0.69709      0.98009
    1500      1.00034      1.05726      0.69824      0.98045
    1501      1.00065      1.05618      0.69939      0.98082
    1502      1.00096      1.05510      0.70053      0.98119
    1503      1.00126      1.05401      0.70167      0.98157
    1504      1.00155      1.05292      0.70281      0.98194
    1505      1.00184      1.05182      0.70395      0.98233
    1506      1.00212      1.05073      0.70508      0.98271
    1507      1.00240      1.04962      0.70621      0.98310
    1508      1.00267      1.04852      0.70734      0.98349
    1509      1.00294      1.04741      0.70847      0.98388
    1510      1.00320      1.04629      0.70959      0.98428
    1511      1.00346      1.04517      0.71071      0.98468
    1512      1.00371      1.04405      0.71183      0.98508
    1513      1.00395      1.04293      0.71294      0.98548
    1514      1.00419      1.04180      0.71405      0.98589
    1515      1.00442      1.04067      0.71516      0.98630
    1516      1.00465      1.03953      0.71627      0.98671
    1517      1.00487      1.03839      0.71737      0.98713
    1518      1.00509      1.03725      0.71847      0.98755
    1519      1.00530      1.03610      0.71957      0.98797
    1520      1.00551      1.03496      0.72066      0.98839
    1521      1.00571      1.03380      0.72176      0.98881
    1522      1.00591      1.03265      0.72284      0.98924
    1523      1.00610      1.03149      0.72393      0.98966
    1524      1.00629      1.03033      0.72502      0.99009
    1525      1.00647      1.02917      0.72610      0.99052
    1526      1.00665      1.02800      0.72718      0.99095
    1527      1.00682      1.02684      0.72826      0.99139
    1528      1.00699      1.02567      0.72933      0.99182
    1529      1.00716      1.02449      0.73041      0.99226
    1530      1.00732      1.02332      0.73148      0.99269
    1531      1.00748      1.02214      0.73255      0.99313
    1532      1.00763      1.02096      0.73361      0.99357
    1533      1.00778      1.01978      0.73468      0.99401
    1534      1.00792      1.01860      0.73574      0.99444
    1535      1.00806      1.01741      0.73680      0.99488
    1536      1.00820      1.01623      0.73786      0.99532
    1537      1.00833      1.01504      0.73892      0.99576
    1538      1.00846      1.01385      0.73997      0.99620
    1539      1.00859      1.01266      0.74103      0.99664
    1540      1.00871      1.01147      0.74208      0.99707
    1541      1.00883      1.01028      0.74313      0.99751
    1542      1.00894      1.00909      0.74418      0.99795
    1543      1.00906      1.00790      0.74523      0.99838
    1544      1.00917      1.00670      0.74627      0.99881
    1545      1.00928      1.00551      0.74732      0.99924
    1546      1.00938      1.00431      0.74836      0.99968
    1547      1.00948      1.00312      0.74941      1.00010
    1548      1.00958      1.00192      0.75045      1.00053
    1549      1.00968      1.00072      0.75149      1.00095
    1550      1.00978      0.99953      0.75253      1.00138
    1551      1.00987      0.99833      0.75357      1.00180
    1552      1.00996      0.99714      0.75461      1.00221
    1553      1.01005      0.99594      0.75565      1.00263
    1554      1.01014      0.99475      0.75669      1.00304
    1555      1.01022      0.99356      0.75772      1.00345
    1556      1.01031      0.99236      0.75876      1.00385
    1557      1.01039      0.99117      0.75980      1.00426
    1558      1.01047      0.98998      0.76083      1.00465
    1559      1.01055      0.98879      0.76187      1.00505
    1560      1.01063      0.98760      0.76291      1.00544
    1561      1.01071      0.98641      0.76394      1.00583
    1562      1.01079      0.98523      0.76498      1.00621
    1563      1.01086      0.98404      0.76602      1.00659
    1564      1.01094      0.98286      0.76705      1.00696
    1565      1.01101      0.98167      0.76809      1.00733
    1566      1.01109      0.98049      0.76913      1.00770
    1567      1.01116      0.97932      0.77016      1.00806
    1568      1.01124      0.97814      0.77120      1.00841
    1569      1.01131      0.97696      0.77224      1.00876
    1570      1.01138      0.97579      0.77328      1.00910
    1571      1.01146      0.97462      0.77432      1.00944
    1572      1.01153      0.97345      0.77536      1.00978
    1573      1.01160      0.97229      0.77640      1.01011
    1574      1.01168      0.97112      0.77745      1.01043
    1575      1.01175      0.96996      0.77849      1.01074
    1576      1.01182      0.96880      0.77953      1.01105
    1577      1.01190      0.96765      0.78058      1.01136
    1578      1.01197      0.96649      0.78163      1.01166
    1579      1.01205      0.96534      0.78267      1.01195
    1580      1.01212      0.96419      0.78372      1.01223
    1581      1.01220      0.96305      0.78477      1.01251
    1582      1.01228      0.96190      0.78583      1.01278
    1583      1.01236      0.96076      0.78688      1.01305
    1584      1.01243      0.95963      0.78793      1.01331
    1585      1.01251      0.95849      0.78899      1.01356
    1586      1.01260      0.95736      0.79005      1.01381
    1587      1.01268      0.95623      0.79111      1.01405
    1588      1.01276      0.95511      0.79217      1.01428
    1589      1.01284      0.95399      0.79323      1.01450
    1590      1.01293      0.95287      0.79429      1.01472
    1591      1.01302      0.95175      0.79536      1.01493
    1592      1.01310      0.95064      0.79643      1.01513
    1593      1.01319      0.94953      0.79750      1.01533
    1594      1.01328      0.94842      0.79857      1.01552
    1595      1.01337      0.94732      0.79964      1.01570
    1596      1.01346      0.94622      0.80072      1.01588
    1597      1.01356      0.94512      0.80179      1.01604
    1598      1.01365      0.94403      0.80287      1.01621
    1599      1.01375      0.94294      0.80395      1.01636
    1600      1.01385      0.94185      0.80503      1.01650
    1601      1.01395      0.94077      0.80612      1.01664
    1602      1.01405      0.93969      0.80720      1.01677
    1603      1.01415      0.93861      0.80829      1.01690
    1604      1.01425      0.93754      0.80938      1.01702
    1605      1.01435      0.93647      0.81047      1.01713
    1606      1.01446      0.93540      0.81156      1.01723
    1607      1.01457      0.93433      0.81266      1.01733
    1608      1.01467      0.93327      0.81376      1.01742
    1609      1.01478      0.93221      0.81485      1.01750
    1610      1.01489      0.93116      0.81596      1.01757
    1611      1.01500      0.93010      0.81706      1.01764
    1612      1.01512      0.92905      0.81816      1.01770
    1613      1.01523      0.92801      0.81927      1.01776
    1614      1.01534      0.92696      0.82037      1.01781
    1615      1.01546      0.92592      0.82148      1.01785
    1616      1.01557      0.92488      0.82259      1.01788
    1617      1.01569      0.92384      0.82371      1.01791
    1618      1.01581      0.92281      0.82482      1.01794
    1619      1.01593      0.92178      0.82593      1.01795
    1620      1.01605      0.92075      0.82705      1.01796
    1621      1.01617      0.91972      0.82817      1.01797
    1622      1.01629      0.91870      0.82929      1.01797
    1623      1.01641      0.91768      0.83041      1.01796
    1624      1.01653      0.91666      0.83153      1.01795
    1625      1.01665      0.91564      0.83265      1.01793
    1626      1.01677      0.91463      0.83378      1.01791
    1627      1.01690      0.91361      0.83490      1.01788
    1628      1.01702      0.91260      0.83603      1.01784
    1629      1.01714      0.91159      0.83715      1.01781
    1630      1.01726      0.91058      0.83828      1.01776
    1631      1.01739      0.90958      0.83941      1.01771
    1632      1.01751      0.90857      0.84054      1.01766
    1633      1.01763      0.90757      0.84167      1.01760
    1634      1.01775      0.90657      0.84280      1.01754
    1635      1.01787      0.90557      0.84393      1.01747
    1636      1.01800      0.90457      0.84506      1.01740
    1637      1.01812      0.90357      0.84620      1.01733
    1638      1.01824      0.90258      0.84733      1.01725
    1639      1.01835      0.90158      0.84846      1.01717
    1640      1.01847      0.90059      0.84959      1.01708
    1641      1.01859      0.89959      0.85073      1.01700
    1642      1.01870      0.89860      0.85186      1.01690
    1643      1.01882      0.89761      0.85299      1.01681
    1644      1.01893      0.89662      0.85412      1.01671
    1645      1.01904      0.89563      0.85526      1.01661
    1646      1.01915      0.89464      0.85639      1.01651
    1647      1.01926      0.89365      0.85752      1.01641
    1648      1.01937      0.89266      0.85865      1.01630
    1649      1.01947      0.89167      0.85978      1.01619
    1650      1.01958      0.89068      0.86091      1.01608
    1651      1.01968      0.88969      0.86204      1.01597
    1652      1.01978      0.88870      0.86316      1.01585
    1653      1.01987      0.88771      0.86429      1.01574
    1654      1.01997      0.88672      0.86541      1.01562
    1655      1.02006      0.88573      0.86654      1.01550
    1656      1.02015      0.88474      0.86766      1.01538
    1657      1.02024      0.88374      0.86878      1.01526
    1658      1.02032      0.88275      0.86990      1.01514
    1659      1.02041      0.88176      0.87102      1.01502
    1660      1.02048      0.88077      0.87214      1.01490
    1661      1.02056      0.87977      0.87325      1.01478
    1662      1.02063      0.87878      0.87436      1.01466
    1663      1.02070      0.87778      0.87548      1.01454
    1664      1.02077      0.87678      0.87658      1.01442
    1665      1.02083      0.87579      0.87769      1.01430
    1666      1.02089      0.87479      0.87880      1.01418
    1667      1.02095      0.87379      0.87990      1.01406
    1668      1.02100      0.87279      0.88100      1.01394
    1669      1.02105      0.87178      0.88210      1.01382
    1670      1.02110      0.87078      0.88319      1.01370
    1671      1.02114      0.86977      0.88428      1.01359
    1672      1.02117      0.86876      0.88537      1.01347
    1673      1.02121      0.86775      0.88646      1.01336
    1674      1.02124      0.86674      0.88755      1.01325
    1675      1.02126      0.86573      0.88863      1.01314
    1676      1.02128      0.86472      0.88971      1.01303
    1677      1.02130      0.86370      0.89078      1.01292
    1678      1.02131      0.86268      0.89185      1.01282
    1679      1.02132      0.86166      0.89292      1.01272
    1680      1.02133      0.86064      0.89399      1.01262
    1681      1.02133      0.85962      0.89505      1.01252
    1682      1.02132      0.85859      0.89611      1.01242
    1683      1.02131      0.85757      0.89717      1.01233
    1684      1.02130      0.85654      0.89822      1.01224
    1685      1.02128      0.85551      0.89927      1.01215
    1686      1.02125      0.85447      0.90032      1.01206
    1687      1.02123      0.85344      0.90136      1.01198
    1688      1.02119      0.85240      0.90240      1.01190
    1689      1.02115      0.85136      0.90343      1.01182
    1690      1.02111      0.85032      0.90446      1.01174
    1691      1.02106      0.84927      0.90549      1.01167
    1692      1.02101      0.84822      0.90651      1.01160
    1693      1.02095      0.84718      0.90753      1.01153
    1694      1.02089      0.84612      0.90855      1.01146
    1695      1.02083      0.84507      0.90956      1.01140
    1696      1.02075      0.84402      0.91057      1.01134
    1697      1.02068      0.84296      0.91157      1.01129
    1698      1.02059      0.84190      0.91257      1.01123
    1699      1.02051      0.84084      0.91357      1.01118
    1700      1.02041      0.83977      0.91456      1.01114
    1701      1.02032      0.83871      0.91555      1.01109
    1702      1.02022      0.83764      0.91653      1.01105
    1703      1.02011      0.83657      0.91751      1.01101
    1704      1.02000      0.83550      0.91849      1.01098
    1705      1.01988      0.83442      0.91946      1.01094
    1706      1.01976      0.83334      0.92043      1.01091
    1707      1.01963      0.83227      0.92139      1.01089
    1708      1.01950      0.83119      0.92235      1.01086
    1709      1.01937      0.83010      0.92331      1.01084
    1710      1.01923      0.82902      0.92426      1.01082
    1711      1.01908      0.82793      0.92521      1.01080
    1712      1.01893      0.82684      0.92615      1.01079
    1713      1.01878      0.82575      0.92709      1.01078
    1714      1.01862      0.82466      0.92803      1.01077
    1715      1.01845      0.82357      0.92896      1.01076
    1716      1.01828      0.82247      0.92989      1.01075
    1717      1.01811      0.82138      0.93081      1.01075
    1718      1.01793      0.82028      0.93174      1.01075
    1719      1.01775      0.81918      0.93265      1.01075
    1720      1.01757      0.81808      0.93357      1.01075
    1721      1.01738      0.81698      0.93448      1.01076
    1722      1.01718      0.81587      0.93538      1.01077
    1723      1.01698      0.81477      0.93629      1.01077
    1724      1.01678      0.81366      0.93719      1.01078
    1725      1.01658      0.81255      0.93808      1.01080
    1726      1.01637      0.81144      0.93897      1.01081
    1727      1.01615      0.81034      0.93986      1.01082
    1728      1.01593      0.80923      0.94075      1.01084
    1729      1.01571      0.80811      0.94163      1.01085
    1730      1.01549      0.80700      0.94251      1.01087
    1731      1.01526      0.80589      0.94339      1.01089
    1732      1.01503      0.80478      0.94426      1.01090
    1733      1.01479      0.80366      0.94513      1.01092
    1734      1.01455      0.80255      0.94600      1.01094
    1735      1.01431      0.80143      0.94686      1.01096
    1736      1.01407      0.80032      0.94773      1.01098
    1737      1.01382      0.79920      0.94859      1.01100
    1738      1.01357      0.79808      0.94944      1.01102
    1739      1.01332      0.79697      0.95030      1.01104
    1740      1.01306      0.79585      0.95115      1.01105
    1741      1.01280      0.79474      0.95200      1.01107
    1742      1.01254      0.79362      0.95285      1.01109
    1743      1.01228      0.79250      0.95369      1.01110
    1744      1.01201      0.79139      0.95453      1.01112
    1745      1.01175      0.79027      0.95537      1.01113
    1746      1.01148      0.78916      0.95621      1.01114
    1747      1.01121      0.78804      0.95705      1.01116
    1748      1.01093      0.78693      0.95789      1.01116
    1749      1.01066      0.78582      0.95872      1.01117
    1750      1.01038      0.78470      0.95955      1.01118
    1751      1.01010      0.78359      0.96038      1.01118
    1752      1.00982      0.78248      0.96121      1.01118
    1753      1.00954      0.78137      0.96204      1.01118
    1754      1.00926      0.78026      0.96287      1.01118
    1755      1.00897      0.77915      0.96369      1.01117
    1756      1.00869      0.77805      0.96452      1.01117
    1757      1.00840      0.77694      0.96534      1.01116
    1758      1.00811      0.77584      0.96616      1.01114
    1759      1.00782      0.77473      0.96698      1.01112
    1760      1.00753      0.77363      0.96780      1.01110
    1761      1.00724      0.77253      0.96863      1.01108
    1762      1.00695      0.77143      0.96944      1.01105
    1763      1.00666      0.77034      0.97026      1.01102
    1764      1.00637      0.76924      0.97108      1.01099
    1765      1.00608      0.76815      0.97190      1.01095
    1766      1.00579      0.76706      0.97272      1.01091
    1767      1.00550      0.76597      0.97354      1.01086
    1768      1.00521      0.76488      0.97436      1.01081
    1769      1.00491      0.76379      0.97517      1.01075
    1770      1.00462      0.76271      0.97599      1.01069
    1771      1.00433      0.76163      0.97681      1.01063
    1772      1.00404      0.76055      0.97763      1.01056
    1773      1.00375      0.75947      0.97845      1.01049
    1774      1.00346      0.75840      0.97927      1.01041
    1775      1.00317      0.75732      0.98009      1.01033
    1776      1.00288      0.75625      0.98091      1.01024
    1777      1.00259      0.75518      0.98173      1.01015
    1778      1.00230      0.75412      0.98255      1.01005
    1779      1.00201      0.75305      0.98337      1.00994
    1780      1.00172      0.75199      0.98419      1.00983
    1781      1.00144      0.75094      0.98502      1.00972
    1782      1.00115      0.74988      0.98584      1.00960
    1783      1.00087      0.74883      0.98666      1.00947
    1784      1.00058      0.74778      0.98749      1.00934
    1785      1.00030      0.74673      0.98832      1.00921
    1786      1.00002      0.74568      0.98915      1.00906
    1787      0.99974      0.74464      0.98997      1.00892
    1788      0.99946      0.74360      0.99080      1.00876
    1789      0.99918      0.74256      0.99164      1.00860
    1790      0.99891      0.74153      0.99247      1.00844
    1791      0.99863      0.74050      0.99330      1.00827
    1792      0.99836      0.73947      0.99414      1.00809
    1793      0.99808      0.73844      0.99497      1.00790
    1794      0.99781      0.73742      0.99581      1.00771
    1795      0.99754      0.73640      0.99665      1.00752
    1796      0.99727      0.73538      0.99749      1.00732
    1797      0.99700      0.73436      0.99833      1.00711
    1798      0.99674      0.73335      0.99917      1.00690
    1799      0.99647      0.73234      1.00002      1.00668
    1800      0.99621      0.73133      1.00086      1.00645
